4283 103
-0.033037644 0.280150289 0.446504692 -0.209050829 -0.048076540 0.193968412 -0.398717112 0.460262853 -0.453805052 0.069839428 0.061725204 0.314181382 -0.304815592 -0.125597457 -0.036142729 -0.012038886 -0.134564047 0.132537634 0.068475610 -0.092228798 0.467838359 0.066996769 0.723337987
-0.007212945 -0.555085902 0.063981881 0.099648815 -0.324370700 0.039639158 -0.062357549 0.389375845 0.440228383 -0.174242740 0.419652566 0.097033356 0.116496539 -0.226436697 0.068860984 0.240532686 -0.127031200 -0.358604953
0.046473122 -0.107813499 -0.131611835 0.348400345 -0.024188812 0.041039745 0.314562782 -0.320397893 0.159359206 -0.170536532 -0.116958861 -0.196499272 0.349330596 -0.022414246 0.265700340 0.156039984 -0.274747222 -0.544916794
7

4280 60
-0.033037644 0.280150289 0.446504692 -0.209050829 -0.048076540 0.193968412 -0.385639680 0.460262853 -0.453805052 0.069839428 0.061725204 0.363199030 -0.304815592 -0.125597457 -0.036142729 -0.012038886 -0.134564047 0.132537634 0.068475610 -0.092228798 0.467838359 0.066996769 0.723337987
-0.007212945 -0.555085902 0.063981881 0.099648815 -0.324370700 0.039639158 -0.062357549 0.389375845 0.440228383 -0.174242740 0.419652566 0.097033356 0.116496539 -0.226436697 0.068860984 0.240532686 -0.127031200 -0.358604953
0.046473122 -0.107813499 -0.131611835 0.348400345 -0.024188812 0.041039745 0.314562782 -0.320397893 0.159359206 -0.170536532 -0.116958861 -0.182046285 0.190538838 -0.022414246 0.099126405 0.156039984 -0.274747222 -0.333963122
7

4271 57
-0.033037644 0.280150289 0.446504692 -0.209050829 -0.048076540 0.193968412 -0.398717112 0.460262853 -0.453805052 0.069839428 0.061725204 0.314181382 -0.304815592 -0.125597457 -0.036142729 -0.012038886 0.055278303 0.132537634 0.013605618 -0.071397200 0.467838359 0.066996769 0.723337987
-0.007212945 -0.555085902 0.063981881 0.099648815 -0.324370700 0.122025035 -0.062357549 0.389375845 0.451040193 -0.174242740 0.419652566 0.097033356 0.116496539 -0.226436697 0.068860984 0.182857502 -0.127031200 -0.358604953
0.046473122 -0.107813499 -0.131611835 0.348400345 -0.024188812 0.041039745 0.314562782 -0.320397893 0.159359206 -0.170536532 -0.116958861 -0.182046285 0.190538838 0.062896014 0.085802261 0.156039984 -0.274747222 -0.333963122
7

4275 50
-0.033037644 0.280150289 0.446504692 -0.249609486 -0.048076540 0.193968412 -0.398717112 0.483639788 -0.453805052 0.069839428 0.061725204 0.314181382 -0.304815592 -0.125597457 -0.036142729 -0.012038886 0.055278303 0.114306103 0.068475610 -0.092228798 0.467838359 0.066996769 0.723337987
-0.007212945 -0.549481935 0.063981881 0.099648815 -0.324370700 0.004391911 -0.062357549 0.386829180 0.451040193 -0.176725758 0.419652566 0.097033356 0.116496539 -0.226436697 0.068860984 0.240532686 -0.127031200 -0.476616741
0.046473122 -0.107813499 -0.131611835 0.179703192 -0.024188812 0.041039745 0.464138718 -0.203188874 0.159359206 -0.170536532 -0.116958861 -0.182046285 0.190538838 -0.022414246 0.265700340 0.156039984 -0.274747222 -0.471551060
7

4311 48
-0.033037644 0.280150289 0.446504692 -0.209050829 -0.069973303 0.193968412 -0.398717112 0.460262853 -0.453805052 0.069839428 0.061725204 0.314181382 -0.304815592 -0.125597457 -0.036142729 -0.012038886 -0.134564047 0.132537634 0.068475610 -0.092228798 0.467838359 0.066996769 0.723337987
-0.007212945 -0.555085902 0.063981881 0.099648815 -0.324370700 0.039639158 -0.062357549 0.389375845 0.440228383 -0.174242740 0.419652566 0.097033356 0.116496539 -0.226436697 0.068860984 0.240532686 -0.127031200 -0.358604953
0.046473122 -0.107813499 -0.131611835 0.348400345 -0.024188812 0.041039745 0.314562782 -0.320397893 0.159359206 -0.170536532 -0.116958861 -0.196499272 0.349330596 -0.022414246 0.265700340 0.156039984 -0.311951162 -0.544916794
7

4172 39
-0.033037644 0.280150289 0.446504692 -0.209050829 -0.048076540 0.193968412 -0.398717112 0.460262853 -0.574983317 0.069839428 0.061725204 0.314181382 -0.304815592 -0.125597457 -0.036142729 -0.012038886 -0.134564047 0.132537634 0.013605618 -0.071397200 0.467838359 0.066996769 0.723337987
-0.007212945 -0.555085902 0.063981881 0.099648815 -0.324370700 0.093406568 -0.062357549 0.389375845 0.451040193 -0.174242740 0.419652566 0.097033356 0.116496539 -0.226436697 0.068860984 0.240532686 -0.127031200 -0.358604953
0.046473122 -0.107813499 -0.131611835 0.348400345 -0.024188812 0.041039745 0.314562782 -0.320397893 0.159359206 -0.170536532 -0.116958861 -0.182046285 0.190538838 0.062896014 0.085802261 0.156039984 0.011668450 -0.333963122
7

4319 35
-0.033037644 0.280150289 0.446504692 -0.209050829 -0.048076540 0.123267419 -0.385639680 0.460262853 -0.453805052 0.069839428 0.061725204 0.314181382 -0.304815592 -0.125597457 -0.036142729 -0.012038886 -0.134564047 0.132537634 0.068475610 -0.092228798 0.467838359 0.066996769 0.723337987
-0.007212945 -0.555085902 0.063981881 0.099648815 -0.324370700 0.039639158 -0.062357549 0.389375845 0.440228383 -0.174242740 0.419652566 0.097033356 0.116496539 -0.226436697 0.068860984 0.240532686 -0.127031200 -0.358604953
0.046473122 -0.107813499 -0.131611835 0.348400345 -0.024188812 0.041039745 0.314562782 -0.320397893 0.159359206 -0.170536532 -0.116958861 -0.196499272 0.349330596 -0.022414246 0.099126405 0.156039984 -0.274747222 -0.544916794
7

4184 35
-0.033037644 0.280150289 0.446504692 -0.249609486 -0.048076540 0.193968412 -0.223551906 0.460262853 -0.453805052 0.069839428 0.061725204 0.314181382 -0.304815592 -0.125597457 -0.036142729 -0.012038886 0.055278303 0.132537634 0.013605618 -0.083844859 0.467838359 0.066996769 0.723337987
-0.007212945 -0.555085902 0.063981881 0.205101459 -0.324370700 0.122025035 -0.062357549 0.389375845 0.451040193 -0.174242740 0.419652566 0.097033356 0.116496539 -0.226436697 0.068860984 0.240532686 -0.127031200 -0.476616741
0.046473122 -0.107813499 -0.131611835 0.348400345 -0.024188812 0.041039745 0.464138718 -0.203188874 0.159359206 -0.254435266 -0.116958861 -0.182046285 0.190538838 -0.022414246 0.265700340 0.156039984 -0.274747222 -0.471551060
7

4327 30
-0.033037644 0.281097498 0.446504692 -0.209050829 -0.048076540 0.193968412 -0.398717112 0.460262853 -0.453805052 0.069839428 0.061725204 0.416629807 -0.304815592 -0.125597457 -0.036142729 -0.012038886 -0.134564047 0.132537634 -0.073254611 -0.071397200 0.467838359 0.066996769 0.723337987
-0.201605245 -0.555085902 0.063981881 0.099648815 -0.324370700 -0.152456371 -0.062357549 0.389375845 0.451040193 -0.174242740 0.419652566 0.097033356 0.116496539 -0.321148510 0.104646233 0.240532686 -0.127031200 -0.358604953
0.046473122 -0.107813499 -0.131611835 0.348400345 -0.024188812 0.041039745 0.314562782 -0.320397893 0.159359206 -0.170536532 -0.116958861 -0.182046285 0.286362145 0.062896014 0.085802261 0.156039984 -0.274747222 -0.333963122
7

4326 28
-0.033037644 0.280150289 0.446504692 -0.249609486 -0.048076540 0.261660106 -0.398717112 0.460262853 -0.453805052 0.069839428 0.187925120 0.314181382 -0.304815592 -0.125597457 -0.036142729 -0.012038886 0.055278303 0.132537634 0.068475610 -0.092228798 0.558553493 0.066996769 0.723337987
-0.007212945 -0.549481935 0.063981881 0.099648815 -0.324370700 0.039639158 -0.062357549 0.386829180 0.451040193 -0.176725758 0.419652566 0.097033356 0.116496539 -0.226436697 0.068860984 0.240532686 -0.127031200 -0.358604953
0.046473122 -0.107813499 -0.131611835 0.348400345 -0.024188812 0.041039745 0.464138718 -0.203188874 0.159359206 -0.170536532 -0.116958861 -0.196499272 0.190538838 -0.022414246 0.265700340 0.156039984 -0.274747222 -0.471551060
7

4318 25
-0.033037644 0.280150289 0.446504692 -0.062326883 -0.048076540 0.143617589 -0.398717112 0.460262853 -0.453805052 0.069839428 0.061725204 0.314181382 -0.304815592 0.069742045 -0.036142729 -0.012038886 -0.134564047 0.132537634 0.068475610 -0.092228798 0.467838359 -0.047376210 0.723337987
-0.007212945 -0.555085902 0.063981881 0.099648815 -0.324370700 -0.076498147 -0.062357549 0.389375845 0.451040193 -0.174242740 0.419652566 0.097033356 0.116496539 -0.226436697 0.235987482 0.182857502 -0.127031200 -0.358604953
0.046473122 -0.107813499 -0.131611835 0.348400345 -0.024188812 0.041039745 0.314562782 -0.203188874 0.159359206 -0.170536532 -0.116958861 -0.196499272 0.349330596 0.062896014 0.218675507 0.156039984 -0.274747222 -0.333963122
7

4325 24
-0.033037644 0.280150289 0.446504692 -0.209050829 -0.048076540 0.193968412 -0.385639680 0.460262853 -0.453805052 0.069839428 0.061725204 0.363199030 -0.304815592 -0.125597457 -0.036142729 -0.012038886 -0.134564047 0.132537634 0.068475610 -0.092228798 0.467838359 0.066996769 0.723337987
-0.007212945 -0.555085902 0.063981881 0.099648815 -0.324370700 0.039639158 -0.062357549 0.389375845 0.268370120 -0.174242740 0.419652566 0.097033356 0.212060175 -0.226436697 0.068860984 0.240532686 -0.127031200 -0.358604953
0.046473122 -0.107813499 -0.131611835 0.348400345 -0.024188812 0.041039745 0.314562782 -0.320397893 0.159359206 -0.170536532 -0.116958861 -0.182046285 0.190538838 -0.022414246 0.099126405 0.156039984 -0.274747222 -0.333963122
7

4324 19
-0.033037644 0.280150289 0.446504692 -0.209050829 -0.048076540 0.193968412 -0.398717112 0.460262853 -0.453805052 0.069839428 0.061725204 0.314181382 -0.304815592 -0.125597457 -0.036142729 -0.012038886 -0.134564047 0.132537634 0.068475610 -0.092228798 0.467838359 0.066996769 0.723337987
-0.007212945 -0.555085902 0.063981881 0.099648815 -0.324370700 0.039639158 -0.062357549 0.389375845 0.440228383 -0.174242740 0.419652566 0.097033356 0.116496539 -0.226436697 0.068860984 0.240532686 -0.127031200 -0.358604953
0.046473122 -0.107813499 -0.131611835 0.348400345 -0.024188812 0.041039745 0.314562782 -0.320397893 0.159359206 -0.170536532 -0.116958861 -0.196499272 0.349330596 -0.022414246 0.265700340 0.156039984 -0.274747222 -0.333963122
7

4321 16
-0.033037644 0.280150289 0.446504692 -0.209050829 -0.048076540 0.193968412 -0.398717112 0.460262853 -0.453805052 0.022242382 0.061725204 0.314181382 -0.304815592 -0.125597457 -0.036142729 -0.012038886 -0.134564047 0.177670288 0.013605618 -0.071397200 0.467838359 0.066996769 0.723337987
-0.179936726 -0.555085902 0.063981881 0.099648815 -0.324370700 0.122025035 -0.062357549 0.389375845 0.440228383 -0.106642185 0.419652566 0.097033356 0.116496539 -0.226436697 0.068860984 0.182857502 -0.127031200 -0.358604953
0.046473122 -0.107813499 -0.131611835 0.348400345 -0.024188812 0.041039745 0.314562782 -0.320397893 0.159359206 -0.170536532 -0.116958861 -0.182046285 0.349330596 0.062896014 0.265700340 0.156039984 -0.274747222 -0.333963122
7

4317 11
-0.033037644 0.280150289 0.446504692 -0.249609486 -0.048076540 0.075218690 -0.398717112 0.460262853 -0.453805052 0.069839428 0.061725204 0.314181382 -0.304815592 -0.125597457 -0.036142729 -0.012038886 0.062738036 0.114306103 0.013605618 -0.092228798 0.467838359 0.066996769 0.723337987
-0.007212945 -0.555085902 0.063981881 0.099648815 -0.324370700 0.122025035 -0.062357549 0.386829180 0.451040193 -0.174242740 0.419652566 0.097033356 0.116496539 -0.226436697 0.068860984 0.182857502 -0.127031200 -0.476616741
0.046473122 -0.107813499 -0.131611835 0.179703192 -0.024188812 0.041039745 0.314562782 -0.203188874 0.159359206 -0.170536532 -0.116958861 -0.182046285 0.190538838 0.062896014 0.085802261 0.156039984 -0.274747222 -0.333963122
7

4310 11
-0.033037644 0.192292822 0.446504692 -0.139795757 -0.048076540 0.193968412 -0.398717112 0.661833877 -0.527038009 0.069839428 0.061725204 0.314181382 -0.304815592 -0.125597457 -0.036142729 -0.012038886 0.055278303 0.114306103 0.068475610 -0.092228798 0.467838359 0.066996769 0.723337987
-0.007212945 -0.549481935 0.063981881 0.099648815 -0.324370700 0.004391911 -0.062357549 0.386829180 0.451040193 -0.176725758 0.419652566 0.097033356 0.116496539 -0.226436697 0.068860984 0.240532686 -0.127031200 -0.476616741
0.046473122 -0.107813499 -0.131611835 0.179703192 -0.024188812 0.041039745 0.464138718 -0.203188874 0.159359206 -0.170536532 -0.116958861 -0.182046285 0.190538838 -0.022414246 0.265700340 0.156039984 -0.274747222 -0.471551060
7

4314 9
-0.033037644 0.280150289 0.446504692 -0.246614232 -0.048076540 0.193968412 -0.385639680 0.460262853 -0.453805052 0.069839428 0.061725204 0.363199030 -0.304815592 -0.084984972 -0.036142729 -0.012038886 -0.134564047 0.132537634 0.068475610 -0.092228798 0.467838359 0.066996769 0.723337987
-0.007212945 -0.555085902 0.063981881 0.065692038 -0.324370700 0.039639158 -0.062357549 0.389375845 0.440228383 -0.174242740 0.419652566 0.097033356 0.116496539 -0.226436697 0.068860984 0.240532686 -0.127031200 -0.358604953
0.046473122 -0.107813499 -0.131611835 0.348400345 -0.024188812 0.041039745 0.314562782 -0.320397893 0.159359206 -0.170536532 -0.237090643 -0.182046285 0.349330596 -0.022414246 0.099126405 0.156039984 -0.274747222 -0.333963122
7

4265 8
-0.033037644 0.280150289 0.446504692 -0.209050829 -0.048076540 0.193968412 -0.398717112 0.460262853 -0.453805052 0.069839428 -0.015043913 0.314181382 -0.304815592 -0.125597457 -0.036142729 -0.012038886 -0.134564047 0.132537634 0.013605618 -0.071397200 0.467838359 0.066996769 0.723337987
-0.007212945 -0.555085902 0.063981881 0.099648815 -0.324370700 0.122025035 -0.062357549 0.389375845 0.451040193 -0.174242740 0.419652566 0.097033356 0.116496539 -0.226436697 0.068860984 0.182857502 -0.127031200 -0.358604953
0.046473122 -0.107813499 -0.131611835 0.348400345 -0.024188812 0.041039745 0.314562782 -0.320397893 0.159359206 -0.170536532 -0.116958861 -0.182046285 0.190538838 0.062896014 0.085802261 0.156039984 0.011668450 -0.333963122
7

4305 7
-0.033037644 0.280150289 0.446504692 -0.124655133 -0.048076540 0.193968412 -0.398717112 0.460262853 -0.453805052 0.069839428 0.061725204 0.314181382 -0.304815592 -0.125597457 -0.036142729 -0.012038886 -0.124619984 0.132537634 0.068475610 -0.071397200 0.467838359 0.211509475 0.581362251
-0.007212945 -0.555085902 0.063981881 0.099648815 -0.324370700 -0.082443933 -0.062357549 0.340811236 0.440228383 -0.174242740 0.419652566 0.097033356 0.116496539 -0.226436697 0.068860984 0.240532686 -0.127031200 -0.358809175
0.046473122 -0.107813499 -0.131611835 0.348400345 -0.024188812 0.041039745 0.314562782 -0.320397893 0.159359206 -0.170536532 -0.116958861 -0.122099369 0.349330596 -0.022414246 0.265700340 0.156039984 -0.274747222 -0.333963122
7

4306 6
-0.033037644 0.280150289 0.446504692 -0.209050829 -0.048076540 0.135285858 -0.398717112 0.460262853 -0.453805052 0.069839428 0.205028796 0.314181382 -0.304815592 -0.125597457 -0.036142729 -0.012038886 0.055278303 0.132537634 0.013605618 -0.170577039 0.467838359 0.066996769 0.723337987
-0.007212945 -0.555085902 0.063981881 0.099648815 -0.324370700 0.039639158 -0.062357549 0.389375845 0.451040193 -0.174242740 0.419652566 0.276770744 0.116496539 -0.274530069 0.068860984 0.240532686 -0.127031200 -0.358604953
0.046473122 -0.107813499 -0.131611835 0.348400345 0.041155666 0.041039745 0.314562782 -0.320397893 0.159359206 -0.170536532 -0.116958861 -0.182046285 0.190538838 0.062896014 -0.064397550 0.156039984 -0.274747222 -0.333963122
7

