479 153
-0.131787802 0.199685319 0.187984959 0.000000000 0.093987882 -0.021417976 -0.330219565 0.114197552 0.062880556 0.000000000 0.000000000 0.000000000 0.139717617 0.000000000 -0.031967519 0.175519221 0.187135993 0.000000000 0.000000000 0.000000000
-0.046966136 -0.107156116 0.315217830 -0.086063831 0.272759134 0.115212524 0.000000000 0.000000000 0.114865948 -0.039448637 0.000000000 0.000000000 0.038402867 0.000000000 0.000000000 0.000000000 0.000000000
0.002658526 -0.153156163 -0.127824096 0.273915673 0.000000000 0.000000000 0.061391681 0.000000000 0.143505502 0.000000000 0.000000000 -0.075633327 0.055719564 0.000000000 0.000000000 0.000000000 0.000000000
1

975 111
-0.033037644 0.251567510 0.367886483 -0.143224643 0.093987882 -0.021417976 -0.516986922 0.268345766 0.062880556 0.142265587 -0.047242619 0.159684735 -0.033825589 -0.150030291 -0.031967519 0.221393487 0.187135993 0.145458864 -0.113280591 -0.133884523
-0.113369399 -0.114505591 0.315217830 -0.072487079 -0.037725451 -0.007029153 0.000000000 -0.063807055 0.114865948 0.048154707 0.178893895 0.033203305 -0.080500729 -0.092775049 0.000000000 0.000000000 0.000000000
0.207483659 -0.251663049 -0.243839895 0.157144576 0.000000000 -0.126026793 0.162860692 -0.105177675 0.143505502 -0.138429629 0.000000000 -0.232597208 0.055719564 0.018703674 0.000000000 0.000000000 -0.016496431
2

923 107
-0.131787802 0.251567510 0.367886483 -0.143224643 0.093987882 -0.021417976 -0.330219565 0.268345766 0.062880556 0.109123627 0.033203305 0.000000000 -0.033825589 -0.150030291 -0.031967519 0.221393487 0.187135993 0.145458864 -0.113280591 0.000000000
-0.113369399 -0.114505591 0.315217830 -0.072487079 -0.037725451 -0.007029153 0.000000000 -0.063807055 0.114865948 0.107716271 0.178893895 0.033203305 -0.080500729 -0.092775049 0.000000000 0.000000000 0.000000000
0.002658526 -0.153156163 -0.127824096 0.157144576 0.000000000 -0.126026793 0.084032503 -0.169780991 0.143505502 -0.231492130 0.000000000 -0.232597208 0.055719564 0.018703674 0.000000000 0.000000000 0.000000000
2

808 75
-0.131787802 0.251567510 0.367886483 -0.143224643 0.093987882 -0.021417976 -0.330219565 0.268345766 0.062880556 0.109123627 0.033203305 0.000000000 -0.033825589 -0.150030291 -0.031967519 0.221393487 0.187135993 0.145458864 -0.113280591 0.000000000
-0.113369399 -0.114505591 0.315217830 -0.072487079 -0.037725451 -0.007029153 0.000000000 -0.063807055 0.114865948 0.107716271 0.178893895 0.033203305 -0.080500729 -0.092775049 0.000000000 0.000000000 0.000000000
0.002658526 -0.153156163 -0.127824096 0.157144576 0.000000000 -0.126026793 0.084032503 -0.169780991 0.143505502 -0.231492130 0.000000000 -0.232597208 0.055719564 0.018703674 0.000000000 0.000000000 0.000000000
2

950 66
-0.131787802 0.251567510 0.367886483 -0.143224643 0.093987882 -0.021417976 -0.330219565 0.268345766 0.062880556 0.142265587 0.033203305 0.000000000 -0.033825589 -0.150030291 -0.031967519 0.221393487 0.187135993 0.000000000 -0.113280591 0.118331390
-0.113369399 -0.114505591 0.315217830 -0.072487079 -0.037725451 -0.007029153 -0.173241154 0.037733040 0.114865948 0.107716271 0.344312042 0.153545315 -0.080500729 -0.220385652 0.000000000 0.000000000 0.000000000
0.267559439 -0.153156163 -0.182142406 0.157144576 0.000000000 -0.231943600 0.162860692 -0.105177675 0.143505502 -0.231492130 0.134300540 -0.232597208 0.055719564 0.018703674 0.000000000 0.000000000 0.000000000
0

981 54
-0.131787802 0.199685319 0.187984959 0.000000000 0.093987882 -0.021417976 -0.330219565 0.114197552 0.062880556 0.000000000 0.000000000 0.000000000 0.139717617 0.000000000 -0.031967519 0.175519221 0.187135993 0.000000000 0.000000000 0.000000000
-0.046966136 -0.057929617 0.315217830 -0.086063831 0.272759134 0.115212524 0.000000000 0.000000000 0.114865948 -0.039448637 0.000000000 0.000000000 0.038402867 0.000000000 0.000000000 0.000000000 0.000000000
0.002658526 -0.153156163 -0.127824096 0.273915673 0.000000000 0.000000000 0.061391681 0.035476034 0.143505502 0.000000000 0.000000000 -0.075633327 0.055719564 0.000000000 0.000000000 0.000000000 0.000000000
1

973 43
-0.131787802 0.251567510 0.367886483 -0.143224643 0.169505614 -0.021417976 -0.330219565 0.268345766 0.115015736 0.142265587 0.033203305 0.000000000 -0.033825589 -0.150030291 -0.031967519 0.221393487 0.187135993 0.000000000 -0.113280591 0.118331390
-0.113369399 -0.114505591 0.315217830 -0.072487079 -0.037725451 0.136195490 -0.173241154 0.037733040 0.114865948 0.107716271 0.178893895 0.153545315 -0.080500729 -0.220385652 -0.060419163 0.000000000 0.000000000
0.117292503 -0.154272657 -0.127824096 0.157144576 0.000000000 -0.231943600 0.061391681 -0.001205346 0.143505502 -0.231492130 0.134300540 -0.223586141 0.055719564 0.018703674 0.000000000 0.000000000 0.133398396
4

995 37
-0.046185384 0.199685319 0.187984959 0.000000000 0.284611263 -0.021417976 -0.330219565 0.114197552 0.062880556 0.000000000 0.000000000 0.000000000 0.316627553 0.000000000 -0.031967519 0.175519221 0.187135993 0.000000000 0.000000000 0.000000000
-0.046966136 -0.107156116 0.315217830 -0.086063831 0.272759134 0.115212524 -0.010357871 -0.002747706 0.114865948 -0.039448637 0.124571923 0.000000000 0.019707516 0.000000000 0.000000000 0.000000000 0.000000000
0.002658526 -0.034562559 -0.127824096 0.273915673 0.000000000 0.000000000 0.061391681 0.000000000 0.143505502 0.000000000 0.000000000 -0.140063968 0.055719564 0.000000000 0.000000000 0.000000000 0.134018016
1

994 36
-0.131787802 0.251567510 0.367886483 -0.143224643 0.093987882 -0.021417976 -0.330219565 0.268345766 0.062880556 0.142265587 0.077318167 0.000000000 -0.033825589 -0.150030291 -0.031967519 0.027772392 0.187135993 0.145458864 -0.113280591 0.118331390
-0.113369399 -0.114505591 0.315217830 -0.072487079 -0.037725451 -0.007029153 0.000000000 0.122601524 0.114865948 0.107716271 0.178893895 0.033203305 -0.080500729 -0.092775049 0.000000000 0.000000000 0.000000000
0.002658526 -0.153156163 -0.086709571 0.157144576 0.000000000 -0.126026793 0.162860692 -0.169780991 0.143505502 -0.231492130 0.000000000 -0.232597208 0.055719564 0.018703674 0.021812251 -0.042083780 0.000000000
2

991 34
-0.131787802 0.199685319 0.367886483 0.000000000 0.093987882 -0.021417976 -0.330219565 0.268345766 0.062880556 0.000000000 0.000000000 0.000000000 -0.033825589 -0.150030291 -0.031967519 0.175519221 0.187135993 0.000000000 0.000000000 0.000000000
-0.113369399 -0.107156116 0.315217830 -0.086063831 -0.037725451 -0.007029153 0.000000000 0.000000000 0.114865948 -0.047617694 0.178893895 0.000000000 0.178211264 0.000000000 0.000000000 0.000000000 0.000000000
0.002658526 -0.020430998 -0.127824096 0.273915673 0.000000000 -0.192131136 0.084032503 -0.169780991 0.143505502 0.000000000 0.000000000 -0.075633327 0.055719564 0.018703674 0.000000000 -0.074772105 0.000000000
2

997 27
-0.131787802 0.199685319 0.367886483 -0.143224643 0.093987882 -0.021417976 -0.330219565 0.268345766 0.062880556 0.000000000 0.000000000 0.000000000 0.139717617 0.000000000 -0.031967519 0.175519221 0.187135993 0.000000000 -0.148976019 0.000000000
-0.046966136 -0.057929617 0.247348612 -0.086063831 -0.037725451 0.177412618 0.000000000 0.000000000 0.114865948 0.107716271 0.000000000 0.153545315 -0.080500729 0.000000000 0.000000000 0.000000000 0.000000000
0.002658526 -0.153156163 -0.127824096 0.273915673 0.000000000 0.000000000 0.162860692 0.035476034 0.143505502 0.000000000 0.134300540 -0.075633327 0.055719564 0.018703674 0.000000000 0.000000000 0.000000000
1

992 26
-0.131787802 0.199685319 0.187984959 0.000000000 0.093987882 -0.021417976 -0.330219565 0.114197552 0.062880556 0.000000000 0.000000000 0.000000000 0.139717617 0.000000000 -0.031967519 0.175519221 0.187135993 0.000000000 0.000000000 0.000000000
-0.046966136 -0.107156116 0.315217830 -0.086063831 0.272759134 0.115212524 0.000000000 0.000000000 0.114865948 -0.039448637 0.000000000 0.000000000 0.038402867 0.000000000 0.000000000 0.000000000 0.000000000
0.002658526 -0.153156163 -0.127824096 0.245574830 0.000000000 0.000000000 0.061391681 0.000000000 0.143505502 0.000000000 0.000000000 -0.075633327 0.055719564 0.000000000 0.000000000 0.000000000 0.000000000
3

996 23
-0.131787802 0.251567510 0.267058643 -0.143224643 0.093987882 -0.021417976 -0.516986922 0.268345766 0.062880556 0.142265587 -0.047242619 0.159684735 0.139717617 0.000000000 -0.031967519 0.175519221 0.187135993 0.000000000 0.000000000 -0.133884523
-0.113369399 -0.114505591 0.315217830 -0.072487079 -0.037725451 0.194166492 0.000000000 0.000000000 0.114865948 0.035832102 0.178893895 0.033203305 -0.080500729 -0.092775049 -0.096351260 -0.045970507 0.000000000
0.207483659 -0.194909420 -0.210922804 0.157144576 0.000000000 0.000000000 0.162860692 -0.105177675 0.143505502 -0.138429629 0.000000000 -0.232597208 0.028493930 -0.074839784 0.000000000 0.000000000 -0.016496431
1

984 20
-0.131787802 0.251567510 0.367886483 -0.168127823 0.169505614 -0.021417976 -0.330219565 0.268345766 0.062880556 0.109123627 0.033203305 0.000000000 -0.033825589 -0.150030291 -0.031967519 0.221393487 0.187135993 0.000000000 -0.113280591 0.118331390
-0.015650223 0.013491786 0.315217830 -0.072487079 -0.037725451 -0.007029153 -0.173241154 0.081592367 0.114865948 0.023840782 0.178893895 0.153545315 -0.080500729 -0.220385652 -0.011189875 0.000000000 0.000000000
0.002658526 -0.154272657 -0.127824096 0.157144576 0.000000000 -0.126026793 0.130885745 -0.001205346 0.143505502 -0.231492130 0.000000000 -0.232597208 0.055719564 -0.060378992 0.000000000 0.000000000 0.133398396
2

993 20
-0.131787802 0.251567510 0.320675081 -0.143224643 0.093987882 -0.021417976 -0.330219565 0.268345766 0.062880556 0.026004448 0.033203305 0.000000000 -0.033825589 -0.150030291 -0.031967519 0.221393487 0.187135993 0.145458864 -0.113280591 -0.133884523
0.065240234 -0.229465607 0.315217830 -0.072487079 -0.073351743 -0.007029153 0.008312518 -0.063807055 0.114865948 0.048154707 0.178893895 0.033203305 -0.080500729 -0.234238686 0.000000000 -0.022381999 0.000000000
0.207483659 -0.153156163 -0.243839895 0.221034842 0.000000000 -0.126026793 0.084032503 -0.105177675 0.143505502 -0.231492130 0.000000000 -0.232597208 0.055719564 0.018703674 0.000000000 0.000000000 -0.104620911
2

985 19
-0.131787802 0.251567510 0.367886483 -0.143224643 0.093987882 -0.021417976 -0.330219565 0.268345766 0.062880556 0.109123627 0.033203305 0.000000000 -0.033825589 -0.150030291 0.010412346 0.221393487 0.187135993 0.145458864 -0.113280591 0.000000000
-0.113369399 -0.114505591 0.315217830 -0.072487079 -0.037725451 -0.007029153 0.000000000 -0.063807055 0.114865948 0.107716271 0.178893895 0.033203305 -0.080500729 -0.092775049 0.000000000 0.000000000 0.000000000
0.002658526 -0.153156163 -0.127824096 0.157144576 -0.130345799 -0.126026793 0.084032503 -0.169780991 0.143505502 -0.231492130 -0.062702459 -0.232597208 0.055719564 0.018703674 0.000000000 0.000000000 0.000000000
2

990 14
-0.131787802 0.251567510 0.367886483 -0.143224643 0.093987882 -0.021417976 -0.330219565 0.268345766 0.062880556 0.142265587 0.033203305 0.000000000 -0.033825589 -0.150030291 -0.031967519 0.221393487 0.187135993 0.145458864 -0.113280591 -0.133884523
-0.132026104 -0.114505591 0.315217830 -0.072487079 0.159051878 -0.007029153 0.000000000 0.037733040 0.114865948 0.107716271 0.344312042 0.033203305 -0.080500729 -0.057143309 0.000000000 0.000000000 0.000000000
0.267559439 -0.202321097 -0.182142406 0.157144576 0.000000000 -0.231943600 0.162860692 -0.105177675 0.143505502 -0.231492130 0.134300540 -0.232597208 0.182773685 0.018703674 0.000000000 0.000000000 0.000000000
0

987 5
-0.131787802 0.042702521 0.187984959 0.000000000 0.093987882 -0.021417976 -0.330219565 0.114197552 0.062880556 0.000000000 0.000000000 0.000000000 0.139717617 0.000000000 -0.031967519 0.175519221 0.187135993 0.000000000 0.000000000 0.000000000
-0.046966136 -0.107156116 0.315217830 -0.086063831 0.272759134 0.115212524 -0.035330135 0.000000000 0.114865948 -0.039448637 0.000000000 0.000000000 0.038402867 0.000000000 0.000000000 0.000000000 0.000000000
0.002658526 -0.153156163 -0.127824096 0.273915673 0.000000000 0.000000000 0.061391681 0.000000000 0.143505502 0.000000000 -0.038474794 -0.075633327 0.055719564 0.000000000 0.000000000 0.000000000 0.000000000
1

986 5
0.021757513 0.199685319 0.187984959 -0.143224643 0.093987882 -0.021417976 -0.330219565 0.268345766 0.062880556 0.000000000 0.000000000 0.000000000 -0.033825589 0.000000000 -0.031967519 0.223190814 0.371047727 0.000000000 0.000000000 0.000000000
-0.113369399 -0.107156116 0.315217830 -0.086063831 -0.037725451 -0.007029153 -0.145556464 -0.063807055 0.114865948 0.107716271 0.178893895 -0.036081782 0.038402867 0.122682603 0.000000000 0.000000000 0.000000000
0.002658526 -0.033052463 -0.127824096 0.273915673 0.000000000 -0.126026793 0.061391681 -0.169780991 0.143505502 0.000000000 0.000000000 -0.232597208 0.055719564 0.018703674 0.000000000 0.000000000 0.000000000
1

974 1
-0.131787802 0.041349204 0.187984959 0.000000000 0.093987882 -0.021417976 -0.330219565 0.114197552 0.062880556 0.000000000 0.000000000 0.000000000 0.139717617 0.000000000 -0.031967519 0.175519221 0.187135993 0.000000000 0.000000000 0.000000000
-0.046966136 -0.107156116 0.315217830 -0.086063831 0.272759134 0.115212524 0.000000000 -0.001070023 0.114865948 -0.039448637 0.000000000 0.000000000 0.038402867 0.000000000 0.064696949 0.000000000 0.000000000
0.146273960 -0.153156163 -0.127824096 0.401198870 0.000000000 0.000000000 0.107653089 0.000000000 0.143505502 0.000000000 0.000000000 -0.075633327 0.055719564 0.000000000 0.000000000 0.000000000 0.000000000
1

