665 37
-0.131787802 0.165708666 0.187984959 0.000000000 0.093987882 -0.021417976 -0.146721055 0.043586373 0.062880556 0.000000000 0.185592330 0.000000000 0.139717617 0.000000000 0.083352155 0.318721160 0.187135993
-0.046966136 -0.107156116 0.303260044 -0.072487079 -0.037725451 0.000000000 -0.084108782 0.000000000 0.114865948 -0.039448637 0.000000000 0.000000000 0.038402867 0.000000000
0.002658526 -0.185093384 -0.127824096 0.273915673 0.000000000 -0.037837764 0.000000000 -0.105973936 0.177375787 0.000000000 0.000000000 0.099943518 0.055719564 0.000000000
0

479 106
-0.131787802 0.199685319 0.187984959 0.000000000 0.093987882 -0.021417976 -0.330219565 0.114197552 0.062880556 0.000000000 0.000000000 0.000000000 0.139717617 0.000000000 -0.031967519 0.175519221 0.187135993
-0.046966136 -0.107156116 0.315217830 -0.086063831 0.272759134 0.115212524 0.000000000 0.000000000 0.114865948 -0.039448637 0.000000000 0.000000000 0.038402867 0.000000000
0.002658526 -0.153156163 -0.127824096 0.273915673 0.000000000 0.000000000 0.061391681 0.000000000 0.143505502 0.000000000 0.000000000 -0.075633327 0.055719564 0.000000000
1

680 28
-0.131787802 0.199685319 0.187984959 0.000000000 0.093987882 -0.021417976 -0.146721055 0.097191452 0.062880556 -0.065693054 0.185592330 0.000000000 0.139717617 0.266062207 0.083352155 0.175519221 0.187135993
-0.046966136 -0.107156116 0.135641557 -0.072487079 0.272759134 0.000000000 0.000000000 0.087825281 0.114865948 -0.039448637 0.154917704 0.000000000 -0.075455011 0.000000000
0.004860149 -0.153156163 -0.127824096 0.273915673 0.000000000 0.000000000 0.000000000 -0.105973936 0.177375787 0.000000000 0.000000000 0.099943518 0.055719564 0.000000000
1

690 15
-0.131787802 0.199685319 0.367886483 0.000000000 -0.064955527 -0.021417976 -0.330219565 -0.083219276 0.062880556 0.000000000 0.000000000 0.000000000 -0.033825589 -0.150030291 0.083352155 0.175519221 0.187135993
-0.113369399 -0.114505591 0.135641557 -0.072487079 -0.037725451 -0.013927276 0.000000000 0.000000000 0.114865948 0.063235570 0.000000000 0.000000000 -0.080500729 0.000000000
0.002658526 -0.153156163 -0.127824096 0.273915673 0.000000000 -0.037837764 0.164764438 -0.105973936 0.184847968 -0.195141271 0.000000000 -0.075633327 0.055719564 0.000000000
2

700 23
-0.131787802 0.165708666 0.187984959 0.000000000 0.105628384 -0.021417976 -0.146721055 0.043586373 0.062880556 0.000000000 0.185592330 0.000000000 0.139717617 0.000000000 0.083352155 0.318721160 0.187135993
-0.113369399 -0.107156116 0.135641557 -0.072487079 -0.037725451 -0.013927276 -0.084108782 0.000000000 0.114865948 0.063235570 0.000000000 0.000000000 0.038402867 0.000000000
0.002658526 -0.185093384 -0.127824096 0.273915673 0.000000000 -0.037837764 0.000000000 -0.105973936 0.177375787 0.000000000 0.000000000 0.099943518 0.055719564 0.000000000
2

608 77
-0.131787802 0.199685319 0.367886483 0.067180507 -0.064955527 -0.021417976 -0.330219565 -0.083219276 0.062880556 0.000000000 0.000000000 0.000000000 -0.033825589 0.092311806 0.083352155 0.318721160 0.187135993
-0.113369399 -0.107156116 0.135641557 -0.072487079 0.357204309 -0.013927276 0.000000000 0.000000000 0.312061127 0.063235570 0.000000000 0.000000000 -0.075455011 0.000000000
0.002658526 -0.153156163 -0.127824096 0.273915673 0.000000000 -0.037837764 0.000000000 -0.105973936 0.184847968 -0.195141271 0.000000000 0.099943518 0.055719564 0.000000000
2

710 13
-0.131787802 0.199685319 0.187984959 0.000000000 0.093987882 -0.021417976 -0.330219565 0.114197552 0.062880556 0.000000000 0.000000000 0.000000000 0.139717617 0.000000000 -0.031967519 0.175519221 0.187135993
-0.046966136 -0.107156116 0.315217830 -0.086063831 0.272759134 0.115212524 0.000000000 0.000000000 0.114865948 -0.039448637 0.000000000 0.000000000 0.038402867 0.000000000
0.002658526 -0.153156163 -0.127824096 0.273915673 0.000000000 0.000000000 0.061391681 0.000000000 0.143505502 0.000000000 0.000000000 -0.075633327 0.055719564 0.000000000
1

712 30
-0.131787802 0.199685319 0.187984959 0.000000000 0.093987882 -0.021417976 -0.330219565 0.043586373 0.062880556 0.000000000 0.000000000 0.000000000 0.139717617 0.000000000 -0.012908449 0.175519221 0.187135993
-0.046966136 -0.107156116 0.315217830 -0.086063831 -0.037725451 0.000000000 0.000000000 0.000000000 0.114865948 -0.039448637 0.000000000 0.000000000 0.038402867 0.000000000
0.002658526 -0.153156163 -0.127824096 0.273915673 0.000000000 0.000000000 0.061391681 0.000000000 0.143505502 0.000000000 0.000000000 -0.075633327 0.055719564 0.000000000
1

713 11
-0.131787802 0.165708666 0.187984959 0.000000000 0.093987882 -0.021417976 -0.190375741 0.043586373 0.062880556 0.000000000 0.185592330 0.000000000 0.192824395 0.266062207 0.083352155 0.175519221 0.187135993
-0.046966136 -0.107156116 0.135641557 -0.072487079 -0.037725451 0.000000000 -0.084108782 0.140936322 0.114865948 -0.039448637 0.154917704 0.000000000 -0.075455011 0.195984064
0.002658526 -0.153156163 -0.127824096 0.273915673 0.000000000 -0.037837764 0.164764438 -0.105973936 0.177375787 0.000000000 0.000000000 0.099943518 0.055719564 0.000000000
1

714 32
-0.131787802 0.165708666 0.187984959 0.000000000 0.093987882 -0.021417976 -0.190375741 0.097191452 0.062880556 -0.065693054 0.000000000 0.000000000 0.192824395 0.266062207 0.083352155 0.111373170 0.187135993
-0.046966136 -0.114505591 0.135641557 -0.072487079 0.272759134 0.000000000 0.000000000 0.000000000 0.114865948 0.156891817 0.154917704 0.000000000 -0.075455011 0.000000000
0.002658526 -0.153156163 -0.127824096 0.273915673 0.000000000 0.000000000 0.000000000 -0.105973936 0.177375787 0.000000000 0.000000000 0.099943518 0.055719564 0.000000000
1

715 17
-0.288770600 0.323384209 0.187984959 0.000000000 0.093987882 -0.021417976 -0.330219565 0.043586373 0.062880556 0.000000000 0.000000000 0.000000000 0.139717617 0.000000000 -0.012908449 0.175519221 0.047731434
-0.046966136 -0.114505591 0.135641557 -0.072487079 -0.037725451 0.000000000 0.000000000 0.087825281 0.114865948 0.119335416 0.069131112 0.000000000 -0.075455011 0.000000000
0.002658526 -0.153156163 -0.127824096 0.273915673 0.000000000 0.000000000 0.000000000 -0.105973936 0.177375787 0.000000000 0.000000000 0.099943518 0.055719564 0.000000000
1

719 11
-0.288770600 0.165708666 0.187984959 0.000000000 0.093987882 -0.021417976 -0.330219565 0.043586373 0.062880556 0.000000000 0.000000000 0.000000000 0.192824395 0.000000000 -0.012908449 0.175519221 0.187135993
-0.046966136 -0.114505591 0.135641557 -0.072487079 0.272759134 0.000000000 0.000000000 0.000000000 0.114865948 -0.039448637 0.069131112 0.000000000 -0.075455011 0.000000000
0.004860149 -0.153156163 -0.127824096 0.273915673 0.000000000 0.000000000 0.164764438 -0.105973936 0.177375787 0.000000000 0.000000000 0.099943518 0.055719564 0.000000000
1

720 24
-0.131787802 0.199685319 0.187984959 0.000000000 0.093987882 -0.021417976 -0.146721055 0.097191452 0.062880556 -0.065693054 0.185592330 0.000000000 0.139717617 0.266062207 0.083352155 0.175519221 0.187135993
-0.046966136 -0.107156116 0.135641557 -0.072487079 0.272759134 0.000000000 0.000000000 0.087825281 0.114865948 -0.039448637 0.154917704 0.000000000 -0.075455011 0.000000000
0.004860149 -0.153156163 -0.127824096 0.273915673 0.000000000 0.000000000 0.000000000 -0.105973936 0.177375787 0.000000000 0.000000000 0.099943518 0.055719564 0.000000000
1

726 38
-0.131787802 0.199685319 0.187984959 0.000000000 0.093987882 -0.197977438 -0.146721055 0.114197552 0.062880556 -0.065693054 0.240825641 0.000000000 0.139717617 0.000000000 0.083352155 0.175519221 0.187135993
-0.046966136 -0.107156116 0.315217830 -0.086063831 0.272759134 0.115212524 0.000000000 0.000000000 0.114865948 -0.039448637 0.154917704 0.000000000 -0.075455011 0.000000000
0.002658526 -0.153156163 -0.127824096 0.273915673 0.000000000 0.000000000 0.061391681 -0.105973936 0.177375787 0.000000000 0.000000000 0.099943518 0.055719564 0.000000000
1

729 43
-0.131787802 0.199685319 0.367886483 0.000000000 0.093987882 -0.021417976 -0.330219565 -0.083219276 0.062880556 0.000000000 0.000000000 0.000000000 -0.033825589 -0.150030291 -0.031967519 0.175519221 0.187135993
-0.113369399 -0.114505591 0.315217830 -0.072487079 -0.037725451 -0.013927276 0.000000000 0.000000000 0.114865948 0.063235570 0.000000000 0.000000000 -0.080500729 0.000000000
0.002658526 -0.153156163 -0.127824096 0.273915673 0.000000000 -0.037837764 0.061391681 -0.105973936 0.143505502 -0.195141271 0.000000000 -0.232597208 0.055719564 0.000000000
2

731 24
-0.131787802 0.199685319 0.187984959 0.000000000 0.093987882 -0.021417976 -0.330219565 0.177672080 0.062880556 0.000000000 0.000000000 0.000000000 0.139717617 0.000000000 -0.031967519 0.225826176 0.187135993
-0.046966136 -0.107156116 0.135641557 -0.086063831 0.272759134 0.115212524 0.000000000 0.087825281 0.114865948 -0.039448637 0.000000000 0.000000000 -0.075455011 0.000000000
0.004860149 -0.153156163 -0.127824096 0.273915673 0.000000000 0.000000000 0.061391681 -0.105973936 0.177375787 0.000000000 0.000000000 0.099943518 0.055719564 0.000000000
1

732 3
-0.305054107 0.165708666 0.187984959 -0.096145424 0.093987882 -0.021417976 -0.146721055 0.043586373 0.062880556 -0.174388957 0.185592330 0.000000000 0.139717617 0.000000000 -0.031967519 0.318721160 0.187135993
-0.113369399 -0.141294489 0.135641557 -0.072487079 -0.037725451 -0.013927276 -0.084108782 0.000000000 0.114865948 0.063235570 0.000000000 0.000000000 0.038402867 0.000000000
-0.123086348 -0.185093384 -0.127824096 0.273915673 0.000000000 0.000000000 0.061391681 -0.105973936 0.143505502 0.000000000 0.000000000 0.099943518 0.055719564 0.000000000
1

734 30
-0.131787802 0.199685319 0.187984959 0.067180507 0.105628384 -0.021417976 -0.146721055 -0.083219276 0.062880556 0.000000000 0.000000000 0.000000000 -0.033825589 0.000000000 0.083352155 0.318721160 0.187135993
-0.113369399 -0.107156116 0.135641557 -0.072487079 0.357204309 -0.013927276 -0.084108782 0.000000000 0.312061127 0.063235570 0.000000000 0.000000000 0.038402867 0.000000000
0.002658526 -0.153156163 -0.127824096 0.273915673 0.000000000 -0.037837764 0.000000000 -0.105973936 0.184847968 0.000000000 0.000000000 0.099943518 0.055719564 0.000000000
2

735 29
-0.131787802 0.199685319 0.367886483 0.000000000 -0.064955527 -0.021417976 -0.146721055 -0.083219276 0.062880556 -0.065693054 0.000000000 0.000000000 0.139717617 -0.272833565 0.083352155 0.175519221 0.187135993
-0.113369399 -0.107156116 0.135641557 -0.072487079 0.272759134 -0.013927276 0.000000000 0.000000000 0.114865948 0.063235570 0.000000000 0.000000000 -0.080500729 0.000000000
0.002658526 -0.153156163 -0.127824096 0.273915673 0.000000000 0.000000000 0.164764438 -0.105973936 0.177375787 0.000000000 0.000000000 -0.106800885 0.055719564 0.000000000
2

736 27
-0.131787802 0.295700020 0.060154263 0.000000000 -0.102587377 -0.021417976 -0.162695863 0.043586373 -0.115000596 0.000000000 0.185592330 0.000000000 0.139717617 0.000000000 0.083352155 0.364528826 0.187135993
-0.113369399 -0.107156116 0.303260044 -0.072487079 -0.037725451 0.040557499 0.000000000 -0.020823550 0.312061127 0.063235570 0.000000000 0.000000000 0.038402867 0.000000000
-0.033941576 -0.228937591 -0.049180822 0.273915673 0.000000000 -0.037837764 0.000000000 -0.105973936 0.177375787 -0.195141271 0.000000000 0.099943518 0.055719564 0.000000000
0

