1851 38
-0.523104556 0.328856978 -0.495838057 -0.480214839 -0.006502227 -0.711897150 0.091827460 -0.696625864 -0.241272483 -0.056474804 -0.241272483 -0.056474804
-0.332549963 0.639986883 0.595721265 0.804030749 -0.980352222 0.421274291 0.863005106 -0.241272483 -0.056474804
0.282174506 -0.610028301 0.464095863 0.581396072 0.234640830 -0.364797882 0.910931588 -0.241272483 -0.056474804
4

1873 31
-0.413396591 0.958372333 0.403275812 0.138028899 -0.006502227 -0.711897150 -0.457385394 -0.634712748 0.927122141 -0.056474804 -0.241272483 -0.056474804
-0.391535471 0.639986883 0.987618370 -0.061257172 -0.906220261 0.421274291 -0.575857494 -0.241272483 -0.056474804
0.282174506 -0.610028301 -0.949370094 0.153016087 0.234640830 -0.364797882 0.910931588 -0.241272483 -0.056474804
0

1879 64
-0.523104556 0.958372333 -0.495838057 -0.480214839 -0.006502227 -0.711897150 -0.457385394 -0.696625864 -0.241272483 -0.056474804 -0.241272483 -0.056474804
-0.332549963 0.639986883 0.756391233 0.804030749 -0.906220261 0.421274291 0.863005106 -0.241272483 -0.056474804
0.704681611 -0.610028301 0.774588522 0.153016087 0.234640830 -0.364797882 0.910931588 -0.241272483 -0.056474804
4

1890 119
-0.413396591 0.328856978 0.403275812 0.138028899 -0.006502227 -0.711897150 -0.457385394 -0.634712748 -0.219212858 0.443292959 -0.241272483 -0.056474804
-0.391535471 0.226744553 0.756391233 0.804030749 -0.906220261 0.421274291 -0.575857494 -0.241272483 -0.056474804
0.282174506 -0.610028301 -0.949370094 0.153016087 0.819499229 -0.364797882 0.910931588 -0.241272483 -0.056474804
0

1899 48
-0.413396591 0.328856978 0.403275812 0.138028899 -0.006502227 -0.711897150 -0.457385394 -0.634712748 -0.241272483 0.443292959 -0.241272483 -0.056474804
-0.391535471 0.639986883 0.756391233 -0.334429649 -0.906220261 0.421274291 -0.897641068 -0.241272483 -0.056474804
0.282174506 -0.610028301 -0.949370094 0.153016087 0.819499229 -0.364797882 0.910931588 -0.241272483 -0.056474804
0

1911 26
-0.523104556 0.958372333 0.403275812 0.138028899 -0.006502227 -0.711897150 -0.457385394 -0.634712748 -0.861055017 -0.056474804 -0.241272483 -0.056474804
-0.391535471 0.639986883 0.987618370 0.804030749 -0.906220261 0.421274291 0.863005106 -0.241272483 -0.056474804
0.282174506 -0.610028301 -0.949370094 0.153016087 0.234640830 -0.364797882 0.910931588 -0.241272483 -0.056474804
0

1917 11
-0.413396591 0.958372333 -0.495838057 -0.480214839 -0.006502227 -0.711897150 -0.457385394 -0.634712748 -0.241272483 -0.056474804 -0.241272483 -0.056474804
-0.391535471 0.639986883 0.987618370 -0.061257172 0.534492640 0.421274291 -0.575857494 -0.241272483 -0.056474804
0.704681611 -0.610028301 0.774588522 0.153016087 0.235843322 -0.364797882 0.910931588 -0.241272483 -0.056474804
4

1918 9
-0.523104556 0.958372333 -0.495838057 0.892341665 -0.006502227 -0.711897150 -0.457385394 -0.696625864 0.927122141 -0.056474804 -0.241272483 -0.056474804
-0.332549963 0.639986883 0.756391233 0.804030749 -0.906220261 0.421274291 -0.575857494 -0.241272483 -0.056474804
0.704681611 -0.568737536 0.774588522 0.153016087 0.234640830 -0.364797882 0.910931588 -0.241272483 -0.056474804
7

1920 34
-0.413396591 0.958372333 0.403275812 0.138028899 -0.006502227 -0.711897150 -0.457385394 0.018305970 0.927122141 -0.056474804 -0.241272483 -0.056474804
-0.391535471 0.639986883 0.987618370 -0.410249087 -0.507164356 0.421274291 -0.575857494 -0.241272483 -0.056474804
0.282174506 -0.610028301 -0.949370094 0.153016087 0.234640830 -0.364797882 0.910931588 -0.241272483 -0.056474804
0

1921 28
-0.413396591 0.958372333 0.403275812 0.138028899 -0.006502227 -0.711897150 -0.277348571 -0.696625864 0.927122141 -0.056474804 -0.241272483 -0.056474804
-0.673741256 0.639986883 0.756391233 -0.061257172 -0.906220261 0.421274291 -0.575857494 -0.241272483 -0.056474804
0.282174506 -0.610028301 -0.949370094 0.153016087 0.234640830 -0.364797882 0.910931588 -0.241272483 -0.056474804
0

