95 158
0.209454254 -0.297394138 0.200244121 -0.495838057 -0.692955302 0.229414530 0.723636282 1.000000000 1.000000000 1.000000000 0.138385365
-0.332549963 -0.418671707 0.639986883 -0.182049637 -0.648800820 0.291287372 0.918144125 0.244766792
-0.136595394 0.751260611 -0.790374448 0.464095863 0.325568515 -0.188614779 0.018516991 -0.196183638
0

201 145
0.209454254 0.054025754 0.170397085 -0.495838057 -0.025307903 0.229414530 -0.963011967 1.000000000 1.000000000 1.000000000 0.138385365
-0.883792404 0.838301992 -0.275233978 -0.528376395 -0.648800820 0.746287497 0.918144125 0.244766792
-0.957126565 -0.198916872 -0.790374448 0.464095863 0.325568515 -0.188614779 0.303199245 -0.643455062
6

205 17
-0.898020696 -0.297394138 0.200244121 -0.495838057 -0.692955302 0.229414530 0.723636282 1.000000000 1.000000000 1.000000000 0.138385365
-0.332549963 -0.418671707 0.639986883 -0.182049637 -0.648800820 0.291287372 0.918144125 0.244766792
0.333338460 0.751260611 -0.790374448 0.464095863 0.325568515 -0.188614779 0.018516991 -0.337770363
0

227 56
0.209454254 -0.297394138 0.200244121 -0.495838057 -0.692955302 0.229414530 0.723636282 1.000000000 1.000000000 1.000000000 0.138385365
0.816645051 -0.418671707 0.639986883 -0.182049637 -0.648800820 0.291287372 0.918144125 0.244766792
-0.136595394 0.751260611 -0.790374448 0.464095863 0.325568515 -0.188614779 0.018516991 -0.643455062
0

229 36
0.209454254 0.054025754 0.170397085 -0.495838057 -0.025307903 0.229414530 -0.963011967 1.000000000 1.000000000 1.000000000 0.138385365
-0.332549963 -0.418671707 0.639986883 -0.528376395 -0.293366708 0.746287497 0.918144125 0.244766792
-0.957126565 -0.198916872 -0.790374448 0.464095863 0.325568515 -0.188614779 0.303199245 -0.196183638
6

233 20
0.209454254 -0.297394138 0.200244121 -0.495838057 -0.692955302 0.229414530 0.723636282 1.000000000 1.000000000 1.000000000 0.138385365
-0.332549963 -0.418671707 0.639986883 -0.182049637 -0.648800820 0.291287372 0.918144125 0.244766792
-0.136595394 0.751260611 -0.790374448 0.464095863 0.325568515 -0.188614779 0.018516991 -0.337770363
0

240 30
0.209454254 -0.297394138 0.771563463 -0.495838057 -0.692955302 0.605944373 0.723636282 1.000000000 1.000000000 1.000000000 0.138385365
0.816645051 -0.418671707 -0.274230618 -0.182049637 -0.648800820 0.291287372 0.918144125 0.244766792
-0.136595394 0.751260611 -0.790374448 0.464095863 0.325568515 -0.188614779 0.018516991 -0.643455062
0

243 18
0.209454254 0.054025754 0.200244121 -0.495838057 -0.692955302 0.229414530 0.723636282 1.000000000 1.000000000 1.000000000 0.138385365
-0.883792404 -0.418671707 -0.275233978 -0.528376395 -0.648800820 0.746287497 0.918144125 0.442133519
0.333338460 0.751260611 -0.790374448 0.464095863 0.325568515 0.221706572 0.018516991 0.000000000
0

244 24
0.209454254 0.054025754 0.170397085 -0.693488937 -0.025307903 0.229414530 0.723636282 1.000000000 1.000000000 -0.929778014 0.138385365
-0.332549963 0.838301992 0.639986883 -0.182049637 -0.648800820 0.746287497 0.918144125 0.244766792
0.315197624 -0.371829770 -0.790374448 0.464095863 0.325568515 0.705213048 0.303199245 -0.196183638
0

245 30
0.209454254 0.054025754 0.200244121 -0.495838057 -0.006360269 0.229414530 -0.963011967 1.000000000 1.000000000 1.000000000 0.138385365
-0.332549963 0.223939688 0.694144550 -0.182049637 -0.564876346 0.291287372 0.918144125 0.244766792
-0.136595394 -0.198916872 -0.144374186 0.464095863 -0.431470452 -0.188614779 0.303199245 -0.196183638
0

