3457 61
1.825802973 -1.289368813 2.606611007 -20.483963134 -2.197279163

3529 54
1.825802973 -1.289368813 4.183356017 -20.483963134 -2.197279163

3530 52
1.825802973 -1.289368813 -1.849467157 -21.896995670 -3.966392244

3523 48
1.825802973 -0.623886846 2.606611007 -20.483963134 -4.059172566

3525 43
1.825802973 -0.842631365 4.393002594 -20.483963134 -2.197279163

3493 43
1.339292155 -1.289368813 2.209834693 -21.497434587 -1.733091601

3528 41
2.263535376 -1.593105528 -0.203046380 -23.465995816 -4.696505590

3497 38
-0.675710250 -1.289368813 3.536236171 -19.960851377 -2.197279163

3524 37
3.493532010 -0.797824801 -0.927914625 -20.483963134 -2.171710208

3489 29
1.339292155 -0.797824801 0.199174213 -23.465995816 -0.619535506

3514 28
1.339292155 -0.797824801 0.426164584 -22.568197610 -0.619535506

3500 27
1.339292155 -2.425956527 2.209834693 -22.568197610 -1.733091601

3519 27
3.198515741 -0.887625440 2.606611007 -21.986779639 -2.197279163

3526 20
-0.675710250 -0.797824801 4.386904835 -20.483963134 -3.622578975

3527 20
-1.150517684 -0.512736417 -1.461410415 -19.960851377 -0.371466745

3501 19
0.234322282 -2.425956527 3.536236171 -21.209545228 -1.733091601

3522 19
0.812041653 -1.023257421 1.634798358 -21.497434587 -2.213693973

3478 18
1.339292155 -2.707699892 0.770819509 -22.451553551 -2.213693973

3510 8
0.044684985 -2.425956527 1.220430128 -22.568197610 -0.984293430

3516 6
1.339292155 -0.887625440 1.008009208 -21.497434587 -0.701426444

