Alive:
3	14	17	18	4	19	11	6	9	7	10	20	16	13	12	5	1	8	2	15
30	29	28	28	28	28	28	28	28	27	27	27	27	27	26	26	25	25	24	24

Alive:
3	6	18	14	17	10	19	12	4	11	16	1	7	5	9	13	20	15	8	2
28	27	26	26	26	25	25	25	24	24	24	24	24	23	23	22	22	21	21	20

Alive:
3	17	12	18	6	14	11	7	16	20	4	10	9	2	19	13	1	8	5	15
25	24	24	23	23	23	23	23	21	21	21	20	20	19	19	19	19	19	18	16

Alive:
12	14	6	7	17	11	3	18	16	20	13	1	10	4	2	9	8	5	19	15
23	23	21	21	21	21	20	20	19	18	18	17	17	16	16	15	15	14	13	12

Alive:
12	6	17	3	11	7	14	18	16	13	10	1	2	4	20	8	9	5	19	15
21	19	19	18	18	17	17	17	15	15	15	15	14	13	12	12	12	11	11	9

Alive:
8	3	13	17	7	14	16	1	2	4	20	9	5	19	15	10	18	12	11	6
32	32	32	30	30	30	30	30	30	30	30	30	30	30	30	29	29	27	27	27

Alive:
3	8	18	10	17	14	16	2	4	20	5	15	19	13	9	7	1	12	11	6
34	32	31	31	30	30	30	30	30	30	30	30	29	29	29	27	27	27	27	27

Alive:
18	3	8	9	2	10	17	16	20	5	15	19	13	7	1	12	11	6	14	4
15	14	9	9	9	5	5	5	5	5	5	5	5	5	5	5	5	5	2	2

Alive:
18	3	9	8	19	17	15	7	2	10	16	20	5	13	1	11	6	12	14	4
15	11	9	8	7	7	7	7	6	5	5	5	5	5	5	5	2	2	2	2

Alive:
18	7	3	8	19	17	15	9	2	10	16	13	1	5	6	14	12	20	11	4
15	9	8	8	7	7	7	6	6	5	5	5	5	4	4	4	4	2	2	2

Alive:
18	7	19	17	15	13	9	2	14	5	3	8	16	1	6	4	10	20	11	12
15	9	7	7	7	7	6	6	6	6	5	5	5	4	4	4	2	2	2	1

Alive:
18	21	8	19	17	13	7	9	5	1	15	3	16	6	4	2	14	10	11	12
15	15	9	9	7	7	6	6	6	6	6	5	5	4	4	3	3	2	2	1

Alive:
21	22	18	19	13	5	17	16	8	7	9	1	3	2	6	15	14	10	11	4
15	15	12	9	9	8	7	7	6	6	6	6	5	5	4	3	3	2	2	1

Alive:
22	23	19	21	18	13	5	17	16	9	1	3	2	6	10	8	7	14	11	4
17	15	13	12	12	9	8	7	7	6	5	5	5	4	4	3	3	3	2	1

Alive:
23	22	21	19	24	18	13	3	5	16	9	1	2	14	17	6	10	8	7	4
15	14	13	13	12	12	9	9	8	7	6	5	5	5	4	4	4	3	3	1

Alive:
23	25	21	26	22	19	24	18	13	3	2	5	16	14	9	17	8	1	10	4
17	15	15	15	14	13	12	12	9	9	9	8	7	7	6	4	3	2	1	1

Alive:
23	26	25	18	24	19	21	22	3	13	5	14	2	9	16	17	8	1	10	4
17	16	15	14	14	13	12	11	11	9	8	7	6	6	4	4	3	2	1	1

Alive:
25	23	26	18	27	24	3	21	22	19	14	13	2	9	17	5	16	8	10	4
19	17	16	16	15	14	13	12	11	7	7	6	6	6	6	5	4	3	1	1

Alive:
25	23	24	27	18	26	3	22	21	19	13	2	17	5	14	16	9	8	10	4
21	17	16	15	13	13	13	13	12	7	6	6	5	5	4	4	3	3	3	1

Alive:
25	23	27	28	24	26	3	21	18	22	14	19	13	2	17	5	16	9	8	10
21	19	17	15	13	13	13	11	10	10	8	7	6	6	5	5	4	3	3	3

Alive:
25	23	27	29	28	24	26	18	21	3	22	14	13	2	17	5	9	19	10	16
21	19	19	17	14	13	13	12	11	10	10	8	6	6	5	5	5	4	3	1

Alive:
25	27	29	23	28	24	26	30	18	21	3	22	14	13	17	9	19	10	5	16
21	19	17	16	16	15	15	15	12	11	10	9	8	8	5	5	4	3	2	1

Alive:
25	27	29	28	18	24	26	31	23	30	3	21	22	14	13	9	10	17	19	16
21	19	17	16	16	15	15	15	13	12	12	11	11	8	8	5	5	2	1	1

Alive:
27	25	28	29	18	30	24	26	31	23	3	21	22	13	14	9	10	17	19	16
21	18	18	17	16	16	15	15	15	13	12	8	8	7	5	5	5	2	1	1

Alive:
27	29	25	28	32	18	30	24	26	23	31	3	21	22	9	10	13	17	14	19
21	19	18	18	17	16	16	15	15	13	12	11	10	8	5	5	4	4	2	1

Alive:
27	25	29	28	18	30	26	24	33	32	23	3	21	31	22	9	13	17	14	19
21	20	19	18	18	18	17	15	15	14	13	13	10	9	5	5	4	4	2	1

Alive:
27	25	30	29	28	18	26	24	33	23	34	32	3	21	13	17	31	22	9	14
23	22	20	19	18	18	17	17	15	15	15	14	13	10	4	4	3	2	2	2

Alive:
27	25	29	30	28	18	24	26	32	34	3	35	33	23	21	13	17	22	9	14
23	22	21	20	20	20	17	16	16	15	13	12	12	12	10	4	4	2	2	2

Alive:
25	29	27	28	18	24	30	32	34	3	26	35	33	23	21	17	13	14	22	9
22	21	20	20	20	19	17	16	15	15	12	12	12	12	7	6	4	4	2	2

Alive:
29	25	28	27	18	30	24	32	34	36	3	33	23	26	35	17	21	13	14	22
23	22	22	20	20	17	16	16	15	15	12	12	12	11	9	8	7	4	4	4

Alive:
29	28	18	24	27	30	25	32	34	36	26	3	33	35	23	21	17	13	14	22
23	22	20	18	17	17	16	16	15	15	13	12	12	11	9	9	7	4	4	4

Alive:
28	29	18	24	32	27	25	34	36	30	26	3	35	33	23	21	17	14	13	22
24	23	20	18	18	16	16	15	15	14	13	12	11	9	9	9	9	6	1	1

Alive:
28	29	18	24	32	27	25	34	30	26	17	36	35	3	33	21	14	23	22	13
26	20	20	18	18	16	16	15	14	13	13	12	11	11	9	9	6	3	3	1

Alive:
28	18	24	29	34	27	25	32	37	30	17	36	35	3	26	33	23	21	14	22
28	20	18	17	17	16	16	15	15	14	13	12	11	11	10	8	7	6	6	3

Alive:
28	18	34	24	29	32	27	37	30	38	25	17	36	3	26	35	33	14	23	21
28	20	19	18	17	17	16	15	14	14	13	13	11	11	10	8	8	8	7	6

Alive:
28	34	18	24	29	32	27	37	17	25	38	30	36	3	26	35	23	21	33	14
28	19	19	18	17	17	16	15	15	15	14	13	11	11	10	10	7	6	5	2

Alive:
28	29	24	32	34	18	27	38	37	17	25	30	36	26	3	35	23	33	21	14
30	19	18	17	16	16	16	16	15	15	15	13	13	12	8	7	7	5	3	2

Alive:
28	24	29	27	32	36	34	18	37	17	39	30	38	25	26	3	35	23	33	14
30	20	19	18	17	17	16	16	15	15	15	13	12	12	12	8	7	7	2	2

Alive:
28	24	29	32	36	39	18	17	27	37	34	30	38	25	3	35	23	26	14	33
30	20	19	19	17	17	16	16	15	15	13	13	12	12	8	7	7	6	4	2

Alive:
28	29	32	36	24	39	18	17	27	37	40	34	30	38	25	3	23	35	26	14
32	19	19	19	17	17	17	16	15	15	15	13	13	12	12	8	7	6	6	1

Alive:
28	29	36	24	18	37	32	17	40	39	34	30	27	25	3	38	23	26	35	14
32	21	21	17	17	17	16	16	15	14	13	13	12	12	10	9	9	6	3	1

Alive:
28	36	29	18	37	32	17	24	40	30	39	34	27	25	3	38	23	14	26	35
32	18	18	17	17	16	16	16	15	15	14	13	12	12	10	9	9	5	3	2

Alive:
28	37	36	29	32	17	24	40	30	39	34	25	18	38	3	27	14	23	35	26
29	21	18	18	16	16	16	15	15	14	13	12	11	11	10	9	7	6	4	3

Alive:
28	37	29	40	36	32	17	24	34	38	30	25	39	3	18	14	27	23	26	35
29	23	20	19	18	16	16	16	13	13	12	12	11	10	8	7	6	6	3	1

Alive:
28	37	29	32	40	17	24	36	25	34	39	38	30	18	3	14	26	27	23	35
29	23	22	18	16	16	16	15	14	13	11	10	9	8	7	7	7	6	6	1

Alive:
28	37	29	32	40	25	36	34	17	18	39	24	38	30	27	3	14	26	23	35
26	23	22	18	16	16	15	13	12	12	11	10	10	9	8	7	7	7	6	1

Alive:
28	29	37	32	25	40	34	36	17	18	24	27	38	30	3	14	26	39	23	35
26	22	22	18	18	16	13	12	12	12	10	10	9	9	7	7	7	7	6	1

Alive:
28	37	25	29	32	40	34	17	36	24	27	23	18	30	3	39	38	14	26	35
26	22	20	19	18	16	15	14	12	10	10	10	9	9	7	7	6	4	4	1

Alive:
28	37	29	32	40	25	17	36	34	27	24	23	18	30	3	39	38	26	35	14
23	22	19	18	16	14	14	14	12	12	10	10	9	9	7	7	6	6	3	3

Alive:
37	28	29	32	40	36	17	25	34	27	24	23	30	3	26	35	14	39	18	38
22	20	19	18	16	16	16	14	14	12	10	10	9	7	6	5	5	4	3	3

Alive:
37	28	29	34	17	40	36	32	41	27	25	24	23	3	14	30	35	39	26	38
22	22	19	18	18	16	16	15	15	12	11	10	10	7	7	6	5	4	3	3

Alive:
28	34	37	29	17	32	36	41	40	25	27	24	23	14	3	35	26	30	38	39
22	20	19	19	18	17	16	15	13	13	12	10	10	7	6	5	5	3	3	1

Alive:
28	34	37	29	17	36	41	32	40	25	27	24	23	35	14	26	3	30	38	39
24	20	19	19	17	16	15	14	13	13	12	12	7	7	6	5	3	3	3	1

Alive:
28	34	37	29	17	41	36	42	40	24	25	27	32	14	26	35	23	30	38	39
23	20	19	19	17	17	16	15	15	14	13	12	11	6	5	4	4	3	3	3

Alive:
28	34	37	29	17	41	24	42	32	36	25	40	27	14	30	38	39	26	23	35
25	20	19	19	17	17	16	15	15	13	13	12	12	8	3	3	3	2	1	1

Alive:
28	29	32	34	17	41	24	42	37	40	27	36	25	14	30	38	39	35	26	23
25	21	19	17	17	17	16	15	13	12	12	10	10	10	3	3	3	3	2	1

Alive:
28	29	32	34	17	41	43	24	40	27	14	37	36	25	42	39	35	26	30	38
27	21	19	17	17	17	15	13	12	12	12	10	10	10	9	5	5	4	3	3

Alive:
28	29	41	34	32	36	43	17	40	27	14	24	25	42	37	39	30	26	38	35
27	21	19	17	16	16	15	14	12	12	12	10	10	9	7	5	5	4	3	2

Alive:
28	41	29	34	32	36	43	44	17	40	27	42	14	25	24	30	39	37	26	38
27	21	18	17	16	16	15	15	14	12	12	11	11	10	9	7	5	4	4	3

Alive:
28	41	29	32	36	34	43	42	44	40	17	14	25	27	30	24	39	26	38	37
29	21	20	18	18	17	15	13	12	12	11	11	10	9	7	6	5	4	3	1

Alive:
28	29	43	41	32	36	34	42	27	45	44	40	14	25	17	30	24	38	26	39
29	20	19	18	18	18	17	13	13	12	12	12	11	10	8	7	6	5	4	2

Alive:
28	41	43	36	34	32	29	45	27	44	40	14	42	25	17	30	24	38	26	39
29	22	19	18	17	15	14	14	13	12	12	11	10	10	8	7	6	4	4	4

Alive:
28	41	36	34	43	27	32	44	40	45	29	14	42	25	17	30	24	26	39	38
31	22	18	17	13	13	12	12	12	11	11	11	10	10	10	7	6	6	6	6

Alive:
28	41	34	36	43	27	29	32	44	40	17	42	25	45	14	24	26	38	30	39
31	22	19	15	13	13	13	12	12	12	12	12	10	10	8	6	6	6	4	3

Alive:
28	41	34	32	40	43	29	36	44	27	25	42	17	14	38	45	39	24	26	30
31	22	19	14	14	13	13	12	12	10	10	9	9	8	8	7	7	6	6	4

Alive:
28	41	34	40	32	36	43	29	38	25	44	17	14	24	45	39	42	26	27	30
31	22	16	16	14	14	13	13	12	10	9	9	8	8	7	7	6	6	4	4

Alive:
28	41	32	34	36	40	43	29	38	42	25	44	14	39	17	26	24	45	30	27
31	22	18	16	14	13	13	13	12	12	10	9	8	7	6	6	5	4	4	1

Alive:
28	41	32	34	46	36	42	38	40	43	29	44	25	14	17	39	45	30	26	24
31	22	18	16	15	14	14	14	13	13	13	9	9	8	8	4	4	4	3	2

Alive:
28	41	32	46	40	47	43	42	38	36	34	29	25	44	14	17	45	30	26	39
31	22	15	15	15	15	15	14	14	13	13	13	11	9	8	8	6	4	3	1

Alive:
28	41	47	32	40	48	42	38	43	36	34	29	46	25	44	14	17	45	26	39
31	22	17	15	15	15	14	14	14	13	13	13	12	11	9	8	8	5	3	3

Alive:
28	41	40	34	49	50	47	42	38	43	36	29	25	32	48	46	17	44	14	45
33	24	15	15	15	15	14	14	14	14	13	13	13	12	12	12	10	9	8	5

Alive:
28	41	29	50	40	34	47	38	43	36	25	32	48	46	49	42	44	17	14	45
30	24	17	17	15	15	14	14	14	13	13	12	12	12	11	11	11	10	5	5

Alive:
28	41	29	50	38	43	40	36	25	49	34	32	48	46	47	44	42	17	14	45
34	24	19	17	14	14	14	13	13	13	12	12	12	12	11	11	8	7	5	5

Alive:
28	41	50	29	49	38	40	36	25	44	34	48	42	43	47	46	32	17	14	45
34	24	17	16	15	14	14	13	13	13	12	12	12	11	11	9	8	7	5	5

Alive:
28	41	29	49	25	50	38	40	42	48	44	34	47	36	46	43	32	14	45	17
34	21	16	15	15	14	14	14	14	14	13	12	11	10	9	8	8	7	7	4

Alive:
28	41	29	38	49	51	50	40	42	48	44	25	34	46	43	14	47	32	36	45
34	23	16	16	15	15	14	14	14	14	13	12	12	11	10	9	8	8	7	7

Alive:
28	41	29	38	51	40	42	48	44	49	25	50	46	43	47	34	32	45	14	36
34	25	20	18	15	14	14	14	13	12	12	11	11	10	10	9	8	7	6	4

Alive:
28	41	29	38	51	46	40	42	49	44	48	43	47	32	25	50	45	34	14	36
36	22	20	18	15	15	14	14	14	13	11	10	10	10	9	8	7	6	6	4

Alive:
28	41	38	29	51	44	40	42	46	47	49	48	43	32	25	50	45	34	14	36
36	22	20	19	17	15	14	14	12	12	11	11	10	10	9	8	7	6	3	1

Alive:
28	41	29	38	51	52	44	42	48	43	40	25	32	47	46	49	50	45	34	14
36	22	21	20	17	17	15	14	13	12	11	11	10	9	9	8	8	7	6	3

Alive:
28	29	41	38	51	52	44	48	53	43	42	40	25	46	50	47	49	32	45	34
38	23	21	20	17	17	15	13	12	12	11	11	11	11	10	9	8	7	7	6

Alive:
28	29	41	52	38	51	44	53	43	50	42	40	25	46	48	47	45	49	32	34
35	23	21	19	17	17	14	12	12	12	11	11	11	10	9	9	9	8	7	6

Alive:
28	29	41	52	38	51	54	44	53	40	43	50	42	46	48	45	25	49	47	32
34	23	21	21	17	17	15	14	14	13	12	12	11	10	9	9	8	8	8	7

Alive:
28	29	41	52	38	51	54	44	40	43	50	49	53	46	25	42	45	32	48	47
34	23	23	18	17	17	15	14	13	12	12	12	11	10	10	10	9	7	6	5

Alive:
28	29	41	52	38	51	43	54	44	50	49	25	40	46	53	48	42	32	45	47
34	23	20	18	17	17	16	15	14	14	12	12	10	10	8	8	7	7	6	5

Alive:
28	29	41	38	51	54	43	52	50	49	25	40	46	44	48	42	32	45	47	53
34	23	20	17	17	17	15	15	14	12	12	12	12	11	10	7	7	6	5	2

Alive:
28	29	41	51	38	43	52	55	50	25	44	49	40	46	54	48	42	32	45	47
34	23	20	19	17	15	15	15	14	14	13	12	12	12	11	10	9	7	5	2

Alive:
28	29	41	51	38	52	55	50	25	40	46	54	44	48	49	43	42	32	45	47
34	23	22	19	19	15	15	14	14	12	12	11	10	10	9	9	8	7	7	4

Alive:
28	41	29	38	51	50	52	55	40	25	54	44	48	46	49	43	42	32	45	47
36	22	22	21	18	16	15	15	12	11	11	10	10	9	9	9	8	7	4	4

Alive:
28	41	29	38	51	55	50	52	54	40	48	25	44	49	43	32	42	46	45	47
33	22	22	18	18	17	15	15	13	12	12	11	10	9	9	7	7	6	4	4

Alive:
28	41	29	51	38	50	52	55	48	25	54	44	40	49	43	32	42	47	46	45
35	22	22	20	18	17	17	14	12	11	10	10	9	9	9	7	7	6	3	1

Alive:
28	41	51	29	38	50	52	55	25	48	42	54	40	43	44	32	49	47	46	45
35	22	20	19	18	17	17	14	13	12	11	9	8	8	7	7	6	6	3	1

Alive:
28	41	51	38	29	55	52	50	25	48	54	42	40	43	32	49	47	46	44	45
32	22	22	20	19	18	17	16	13	12	9	8	8	8	7	6	6	3	1	1

Alive:
28	41	51	29	55	25	38	52	50	56	48	54	42	40	43	32	47	49	45	44
29	22	22	19	18	18	17	17	16	15	12	9	8	8	7	7	6	3	3	1

Alive:
28	41	51	38	52	55	25	29	50	56	57	48	54	32	40	43	47	42	45	44
23	22	22	21	19	18	18	16	16	15	15	12	9	9	8	7	6	5	5	1

Alive:
28	38	41	51	52	25	50	29	56	55	48	57	54	32	47	43	40	42	45	44
25	23	22	22	21	18	18	16	15	12	12	9	9	9	8	7	5	5	5	1

Alive:
28	38	51	52	41	25	50	29	48	58	56	55	54	32	47	57	43	40	45	42
25	23	22	21	19	18	18	18	16	15	14	12	9	9	8	8	7	5	5	2

Alive:
28	38	52	51	50	41	25	29	58	59	56	55	54	48	32	47	57	43	40	45
29	23	23	22	20	19	18	15	15	15	14	12	11	10	9	8	8	7	5	2

Alive:
28	52	51	38	41	50	58	59	25	56	29	55	54	57	32	47	48	43	40	45
29	25	22	22	19	17	17	17	15	14	12	12	11	10	9	8	7	7	5	2

Alive:
28	52	38	59	50	51	41	25	58	56	55	54	57	47	29	32	48	43	40	45
29	25	22	19	17	16	16	15	14	14	14	11	10	10	9	9	7	7	7	4

Alive:
28	52	38	59	50	51	55	25	41	58	56	54	57	47	32	40	48	29	43	45
29	27	22	19	17	16	16	15	13	13	11	11	10	10	9	9	7	6	6	4

Alive:
28	52	38	59	51	50	55	57	41	25	56	58	47	32	54	48	40	29	43	45
29	29	24	19	18	17	16	14	13	12	11	10	10	9	8	7	6	6	6	1

Alive:
28	52	38	59	55	50	51	60	41	57	56	58	47	25	32	54	48	40	29	43
29	26	26	23	18	17	15	15	15	11	11	10	10	9	9	8	7	6	6	6

Alive:
28	52	38	59	50	60	55	51	41	32	57	47	25	56	54	58	48	29	43	40
26	26	26	23	19	19	15	15	15	13	11	10	9	8	8	7	7	6	6	3

Alive:
28	38	52	59	50	60	55	32	51	41	57	25	47	56	54	48	29	58	40	43
26	26	25	23	19	19	17	13	12	12	11	11	10	8	8	7	6	6	5	3

Alive:
38	52	28	59	50	55	60	41	57	25	32	47	56	54	51	29	58	40	48	43
28	25	25	23	21	17	16	12	11	11	10	10	10	10	9	6	6	5	4	3

Alive:
52	38	28	59	50	60	55	51	41	25	32	47	56	57	54	29	40	58	48	43
27	25	25	23	18	18	17	13	12	11	10	10	10	8	7	6	5	5	4	3

Alive:
28	59	52	38	50	60	55	51	41	47	56	25	57	32	54	58	40	48	29	43
25	25	24	22	22	18	17	15	12	10	10	8	8	7	7	7	5	4	3	3

Alive:
59	52	28	38	50	60	51	61	55	41	47	56	32	25	58	40	29	54	48	57
27	26	25	22	22	18	15	15	14	14	10	10	9	8	7	5	5	4	4	2

Alive:
59	28	52	50	38	60	51	41	61	55	47	56	32	25	58	29	54	48	40	57
27	27	26	22	19	18	17	16	12	11	10	10	9	8	7	6	4	4	2	2

Alive:
59	28	52	50	38	51	41	60	61	55	47	32	25	58	56	29	48	54	40	57
27	27	26	22	19	17	16	15	11	10	10	9	8	7	6	6	6	4	4	2

Alive:
59	28	52	50	38	41	51	60	62	61	32	47	25	55	58	56	48	54	40	29
27	26	26	22	19	18	17	17	15	11	11	10	8	7	7	6	5	4	4	3

Alive:
59	52	28	50	38	51	60	41	62	61	47	55	32	25	58	56	40	54	48	29
27	25	23	19	19	19	17	15	15	11	10	9	8	8	7	6	6	6	5	3

Alive:
59	52	28	50	38	60	41	62	51	61	47	25	58	32	56	40	54	48	55	29
26	25	25	19	19	17	17	15	13	11	10	10	9	8	6	6	6	5	3	3

Alive:
59	52	28	50	38	41	62	60	51	47	61	25	58	54	32	56	55	40	29	48
26	25	25	19	19	17	15	14	13	12	11	10	9	8	7	6	5	3	2	2

Alive:
59	52	28	50	62	41	60	38	51	47	61	58	25	54	56	32	55	40	29	48
26	22	22	19	17	16	14	13	13	12	11	11	10	10	8	7	5	3	2	2

Alive:
59	52	28	50	62	41	60	54	38	51	63	47	25	56	58	61	32	55	29	48
23	22	22	21	17	16	16	14	13	13	12	12	10	10	8	8	7	5	2	2

Alive:
59	50	52	28	62	41	51	38	54	60	47	25	56	63	58	61	32	55	29	48
25	23	22	19	17	16	15	15	14	13	12	10	10	9	8	8	4	4	2	2

Alive:
59	50	52	28	62	41	38	64	54	60	51	47	25	56	63	58	61	55	32	29
27	23	19	19	19	18	17	15	14	13	12	12	10	10	9	8	5	4	3	2

Alive:
59	50	52	28	64	41	38	62	54	60	47	25	56	51	63	55	61	29	32	58
27	20	19	19	19	18	17	16	14	13	12	12	10	9	9	6	5	4	3	2

Alive:
59	50	41	52	28	64	62	38	65	54	47	25	60	51	56	61	63	29	55	58
29	20	20	19	19	19	18	17	15	14	12	12	10	9	7	7	6	6	3	2

Alive:
59	50	62	52	28	64	65	41	38	54	66	67	47	25	51	60	56	61	29	55
29	20	20	19	19	19	19	17	17	16	15	15	12	12	11	10	7	7	3	3

Alive:
59	64	52	50	62	28	65	41	67	54	66	38	47	25	51	60	56	29	55	61
28	21	21	20	20	19	19	17	17	16	14	14	12	12	11	10	7	3	3	1

Alive:
59	64	52	28	62	50	65	54	41	67	66	38	47	25	56	51	60	29	55	61
30	23	21	21	20	19	19	18	17	17	14	14	12	12	7	5	4	3	3	1

Alive:
59	28	52	62	65	64	50	67	54	68	66	38	47	25	41	51	56	60	29	55
30	23	23	22	21	20	19	19	18	15	14	14	12	12	11	5	4	4	3	3

Alive:
59	62	28	52	65	64	54	50	67	25	68	69	47	38	66	41	51	56	60	55
30	24	23	23	23	20	20	19	19	14	14	12	12	11	11	11	5	4	4	3

Alive:
59	62	28	65	52	64	50	67	54	25	68	70	47	66	69	41	38	56	60	55
30	26	23	23	20	20	19	19	17	16	16	15	14	13	12	11	8	4	4	3

Alive:
59	62	65	52	64	50	67	28	54	70	68	69	25	47	41	66	38	55	56	60
30	28	23	22	20	19	19	17	17	17	16	14	13	11	11	10	8	5	4	4

Alive:
59	62	65	50	64	68	28	54	70	67	52	25	69	41	66	47	38	55	56	60
30	28	23	21	20	20	17	17	17	16	16	15	11	11	10	8	8	7	4	4

Alive:
59	62	65	64	68	54	50	70	67	25	71	28	52	69	41	66	38	47	55	60
30	28	27	22	20	19	18	17	16	15	15	14	13	11	11	10	10	8	7	4

Alive:
59	62	65	64	68	54	67	50	28	71	70	52	69	25	66	38	41	47	55	60
32	28	27	22	20	19	18	17	16	15	14	13	13	12	10	10	8	8	4	4

Alive:
59	62	65	64	68	54	67	28	71	50	70	52	69	25	47	38	66	55	41	60
32	28	27	22	19	19	18	15	15	14	14	13	13	12	12	10	7	6	5	4

Alive:
59	62	65	64	54	67	28	68	71	69	50	70	25	52	47	38	60	41	55	66
32	25	24	22	19	18	17	16	15	15	14	14	14	13	12	10	6	5	5	4

Alive:
59	65	62	54	64	28	68	70	67	71	52	50	25	69	47	38	66	41	55	60
32	24	22	21	19	17	16	16	15	15	15	14	14	12	12	12	6	5	5	3

Alive:
59	65	62	54	28	64	68	67	71	52	72	50	70	69	38	25	47	55	41	66
36	24	22	21	17	16	16	15	15	15	15	14	13	12	12	11	11	7	7	6

Alive:
59	65	62	71	52	64	68	28	54	67	72	50	38	70	25	69	47	55	66	41
36	24	22	17	17	16	16	16	15	15	15	14	14	13	13	12	11	7	6	1

Alive:
59	65	62	68	71	52	67	54	73	50	28	64	70	25	72	69	38	47	66	55
38	26	22	18	17	17	17	15	15	14	13	13	13	13	12	12	11	11	8	7

Alive:
59	65	62	68	52	54	73	67	71	50	72	28	64	70	69	38	47	25	66	55
37	26	22	20	17	17	14	14	14	14	14	13	13	13	12	11	11	10	8	7

Alive:
59	65	62	72	68	54	64	73	71	50	67	28	70	69	52	38	47	25	55	66
37	26	24	18	17	17	15	14	14	14	13	13	13	12	11	11	11	10	7	5

Alive:
59	62	65	72	68	54	73	64	28	71	50	67	70	47	69	52	25	55	38	66
37	21	20	20	17	17	16	15	15	14	14	13	13	13	12	11	10	9	8	2

Alive:
59	65	72	62	68	54	73	28	67	71	50	47	69	52	25	38	64	55	70	66
37	22	20	18	17	17	16	15	15	14	14	13	12	11	10	10	9	9	7	6

Alive:
59	65	72	62	68	54	28	67	50	47	69	71	52	73	38	64	55	70	66	25
38	22	20	20	17	17	15	15	14	13	12	11	11	10	10	9	9	9	8	7

Alive:
59	65	72	62	28	67	68	54	69	47	38	50	71	52	64	73	55	70	66	25
40	22	20	20	17	15	14	14	14	13	12	11	11	11	11	10	9	9	5	4

Alive:
59	65	72	62	28	67	68	69	50	54	71	64	47	73	38	55	70	52	25	66
44	22	20	20	19	15	14	14	13	11	11	11	10	10	9	9	9	8	6	2

Alive:
59	65	28	62	72	69	50	68	67	73	71	64	47	38	55	70	54	25	52	66
48	22	19	17	17	16	15	14	12	12	11	11	10	9	9	9	8	6	5	2

Alive:
59	65	28	72	69	62	50	68	64	67	73	55	70	71	47	38	25	54	52	66
48	22	21	19	18	17	15	14	13	12	12	9	9	8	7	6	6	5	5	1

Alive:
59	65	28	72	69	62	68	50	64	67	73	55	70	47	54	52	38	25	71	66
48	22	21	18	18	17	16	15	13	12	9	9	9	9	7	7	6	3	2	1

Alive:
59	65	28	69	72	62	68	50	74	64	73	55	67	47	54	70	38	52	25	66
48	22	21	20	18	17	16	15	15	13	11	10	9	9	9	6	6	4	3	1

Alive:
59	65	28	69	72	74	68	50	75	62	64	73	54	67	47	55	70	38	52	66
48	21	21	20	20	17	16	15	15	14	12	11	11	9	9	7	6	6	4	1

Alive:
59	65	28	69	72	75	74	68	50	62	64	54	67	47	73	55	38	70	52	66
45	25	21	20	20	17	16	16	15	14	12	11	11	9	8	7	6	3	1	1

Alive:
59	65	69	75	28	62	50	74	72	64	68	67	47	54	73	55	38	70	52	66
45	25	20	19	18	18	17	16	14	14	13	11	9	8	8	7	6	3	1	1

Alive:
59	65	62	69	75	28	50	74	72	64	76	67	47	68	54	73	55	38	52	66
45	27	22	20	19	18	17	15	14	14	12	11	11	10	8	8	7	3	1	1

Alive:
59	62	65	69	50	28	75	72	74	77	64	76	67	47	68	55	54	73	38	52
42	22	21	20	19	18	18	16	15	15	14	12	11	11	10	9	8	8	5	1

Alive:
59	62	69	72	50	65	28	75	74	77	78	47	67	68	76	55	64	54	73	38
42	22	22	20	19	18	18	18	15	15	15	13	11	10	9	9	8	8	8	7

Alive:
59	62	69	72	50	65	28	75	74	77	78	47	54	55	38	67	73	68	76	64
42	22	22	22	19	18	18	18	17	15	15	12	10	9	9	8	8	7	6	5

Alive:
59	72	62	69	50	74	65	77	75	28	78	47	54	67	55	38	73	68	76	64
42	22	21	19	19	19	18	17	17	15	12	12	10	10	9	9	8	7	6	5

Alive:
59	72	69	50	74	62	65	77	28	47	78	75	55	38	54	67	73	76	64	68
42	22	19	19	19	18	18	18	15	14	12	11	11	11	10	10	8	6	5	4

Alive:
59	72	65	50	74	77	69	62	28	55	47	78	75	38	54	67	73	64	76	68
39	21	20	19	19	18	16	15	15	15	14	12	11	11	10	10	8	7	6	1

Alive:
59	72	50	65	74	69	77	62	28	47	55	75	38	67	78	73	54	64	76	68
43	21	21	20	18	18	15	15	15	14	12	11	11	10	9	8	7	7	6	1

Alive:
59	72	65	50	74	69	28	47	55	77	62	67	78	38	75	73	76	54	64	68
43	21	20	18	18	18	17	16	14	14	12	10	9	8	8	8	8	7	7	1

Alive:
59	72	65	69	50	74	47	28	77	62	55	67	76	78	54	75	64	73	38	68
43	21	20	20	18	18	15	14	14	14	11	10	10	9	9	8	7	5	5	1

Alive:
59	69	74	72	50	65	47	28	77	62	55	67	76	75	54	64	78	38	73	68
43	22	20	18	18	17	17	16	14	14	11	10	10	8	8	7	6	5	2	1

Alive:
59	69	74	47	72	28	65	77	50	62	67	76	64	75	54	38	78	55	73	68
40	22	20	19	18	18	17	16	15	11	10	10	9	8	8	7	6	5	2	1

Alive:
59	69	74	72	50	47	77	65	62	28	67	64	38	75	54	76	78	55	73	68
40	22	20	18	17	16	16	14	13	12	12	11	9	8	8	7	6	5	2	1

Alive:
59	74	69	50	72	77	47	65	62	28	64	67	38	76	75	78	55	54	73	68
40	20	19	19	18	18	18	13	13	12	11	9	9	9	8	6	5	2	2	1

Alive:
59	50	69	74	77	47	72	65	62	79	28	64	38	67	76	75	78	55	54	73
37	23	21	20	18	18	15	13	12	12	12	11	11	9	9	8	6	5	2	2

Alive:
59	50	74	69	47	77	65	62	64	38	72	79	28	67	76	78	75	55	54	73
39	25	22	21	20	20	13	12	11	11	9	9	9	9	9	6	5	5	2	2

Alive:
59	50	74	69	47	77	80	38	65	62	64	72	79	76	55	67	28	78	75	54
36	27	22	21	20	20	15	15	12	12	11	9	9	9	7	6	6	6	5	2

Alive:
59	50	69	74	77	47	38	81	76	62	64	79	80	72	55	65	67	28	78	75
36	27	23	22	22	20	15	15	13	12	11	11	9	9	7	6	6	6	6	5

Alive:
59	50	69	74	77	47	81	38	62	76	82	64	72	79	67	55	80	65	28	75
36	27	25	22	22	20	17	17	14	13	12	11	9	8	8	7	6	6	6	5

Alive:
59	50	69	74	77	47	81	38	83	62	76	79	64	82	75	67	55	72	65	28
33	27	25	22	22	20	17	17	15	14	13	12	11	11	9	8	7	6	6	6

Alive:
59	50	69	74	77	47	83	76	81	62	38	79	64	82	75	55	67	72	28	65
33	29	24	22	22	20	15	15	14	14	13	12	11	11	9	9	8	6	6	3

Alive:
59	50	69	74	77	47	83	81	62	38	76	64	82	67	79	75	72	55	28	65
33	31	26	22	21	20	15	14	14	13	12	11	10	10	9	9	8	6	3	3

Alive:
50	59	69	74	77	47	81	62	38	64	83	76	82	67	75	72	79	28	55	65
31	30	26	24	23	17	14	14	13	13	12	12	10	10	9	8	8	5	3	3

Alive:
50	59	74	69	77	47	81	64	62	38	83	82	67	76	75	72	79	28	55	65
33	30	24	23	17	16	16	15	14	13	12	10	10	9	9	8	8	7	3	3

Alive:
50	59	69	74	81	47	77	62	38	83	67	64	76	75	79	82	28	72	55	65
33	27	25	24	18	18	17	14	13	12	12	9	9	9	8	7	7	7	3	3

Alive:
50	59	69	74	77	47	81	38	62	83	67	76	75	79	28	64	72	65	82	55
33	27	25	24	21	18	15	15	14	12	9	9	9	8	7	6	6	5	4	3

Alive:
50	59	74	69	77	47	81	62	38	83	79	67	76	75	28	72	65	82	64	55
30	27	26	22	21	18	15	14	14	12	10	9	9	9	9	6	4	4	3	3

Alive:
50	74	59	69	77	47	81	62	38	83	67	75	79	76	28	72	82	64	55	65
29	26	24	21	21	18	15	14	13	12	11	11	10	9	9	6	4	3	3	1

Alive:
50	74	69	59	77	47	81	38	84	83	62	67	75	76	28	79	72	55	64	82
29	26	25	21	21	18	15	13	12	12	11	11	11	9	9	9	6	5	5	4

Alive:
50	74	69	59	77	47	38	81	62	75	28	84	83	76	79	67	72	55	64	82
31	26	25	21	21	20	13	11	11	11	11	11	9	9	9	8	6	5	5	4

Alive:
50	74	69	47	59	77	38	84	75	28	79	83	62	67	76	81	55	64	82	72
31	26	25	24	21	21	13	13	13	11	11	9	8	8	6	5	5	5	4	3

Alive:
50	74	69	47	59	77	75	84	28	79	38	83	62	67	76	82	81	55	64	72
30	26	22	21	21	21	15	15	11	11	10	8	8	8	6	6	5	5	5	3

Alive:
50	74	69	47	59	84	77	75	28	79	38	67	83	76	82	62	81	55	64	72
32	28	22	21	21	17	15	12	11	11	10	10	8	6	6	5	5	5	4	3

Alive:
50	74	69	59	47	84	77	28	38	67	75	79	81	62	82	83	55	64	76	72
32	25	24	23	21	17	15	13	10	10	9	8	7	7	6	5	5	4	3	3

Alive:
50	74	69	59	47	77	84	75	28	38	81	79	67	82	64	83	55	62	76	72
32	25	24	23	20	17	14	11	10	10	9	8	7	6	6	5	5	4	3	3

Alive:
50	74	69	59	47	77	84	75	28	38	79	55	67	81	64	62	82	76	72	83
32	27	24	23	20	14	14	11	10	10	10	7	6	6	6	6	3	3	3	2

Alive:
50	74	59	69	47	85	77	79	84	28	38	75	55	67	81	62	72	76	64	83
32	29	25	24	17	15	14	12	11	10	10	8	7	6	6	6	5	5	3	2

Alive:
50	74	59	69	47	85	77	84	75	79	81	28	38	67	62	72	76	64	83	55
34	29	25	24	17	15	14	13	10	9	8	7	7	6	6	5	5	5	2	1

Alive:
50	74	69	59	47	86	87	77	85	84	75	79	81	28	72	64	62	76	38	83
36	29	26	25	17	15	15	14	14	13	10	9	8	7	7	7	6	5	4	2

Alive:
50	74	59	69	47	86	87	84	75	77	85	79	64	81	28	62	76	72	83	38
38	29	25	23	19	15	15	13	12	11	11	11	9	8	7	6	5	4	2	1

Alive:
50	74	59	69	47	86	87	88	89	75	77	85	79	84	62	81	64	28	72	76
38	26	25	20	19	17	15	15	15	12	11	11	11	10	10	10	9	7	6	5

Alive:
50	74	59	69	89	47	88	86	87	75	77	85	79	84	62	81	64	28	72	76
38	26	25	19	19	16	15	14	12	12	11	11	10	10	10	10	9	9	6	5

Alive:
50	74	59	69	89	86	47	85	88	87	75	81	79	77	84	62	64	28	72	76
35	28	25	19	16	14	13	13	12	12	12	12	11	11	10	10	9	9	6	5

Alive:
50	74	59	69	89	88	87	47	85	75	84	86	79	77	62	81	28	64	76	72
35	30	22	19	16	16	14	13	13	12	12	11	11	11	10	9	9	6	5	3

Alive:
50	74	59	69	88	89	87	85	75	84	86	79	77	28	47	62	81	64	76	72
37	32	22	18	16	15	14	13	12	12	11	11	11	11	10	7	6	6	5	3

Alive:
50	74	59	69	89	88	87	77	75	86	79	28	85	84	64	47	62	76	72	81
34	32	22	18	17	16	14	13	12	11	11	11	10	9	8	7	7	7	5	3

Alive:
50	74	59	69	88	87	77	75	89	79	28	84	47	76	86	64	85	62	72	81
36	32	19	18	16	16	15	12	11	11	11	9	9	9	8	8	7	7	5	3

Alive:
50	74	69	59	88	77	87	79	89	28	47	64	75	84	76	86	85	72	81	62
36	29	20	19	16	15	15	13	11	11	11	10	9	9	9	8	7	5	3	1

Alive:
50	74	69	59	88	77	87	90	76	89	28	47	79	75	84	86	64	81	85	72
36	29	22	19	18	15	15	15	13	11	11	11	10	9	9	8	7	5	4	2

Alive:
50	74	69	59	87	88	77	90	75	89	28	76	79	84	47	86	64	81	85	72
36	26	22	19	17	15	15	15	13	11	11	10	10	9	8	8	6	5	4	4

Alive:
50	74	69	59	87	88	90	77	91	75	28	76	79	84	89	47	86	64	81	72
36	28	22	19	19	17	17	15	15	13	10	10	10	9	8	8	8	6	5	1

Alive:
50	74	69	87	88	90	91	77	75	92	59	28	76	84	89	47	86	79	81	72
36	28	24	21	17	17	17	15	15	15	13	12	10	9	8	8	8	7	5	1

Alive:
50	74	69	87	90	75	88	92	59	77	28	91	76	84	89	47	86	79	81	72
36	25	21	21	19	19	17	15	15	12	12	11	10	9	8	8	8	7	7	1

Alive:
50	74	75	69	87	88	90	92	93	59	77	28	91	76	84	79	86	81	47	89
36	25	23	21	21	21	19	15	12	12	12	12	11	10	9	9	8	7	5	5

Alive:
50	74	75	69	87	90	88	92	93	91	59	28	76	86	77	84	81	79	89	47
33	25	25	21	21	21	18	15	14	13	12	12	10	10	9	9	7	6	5	2

Alive:
50	74	75	69	90	87	88	93	91	92	59	28	76	86	84	81	77	89	79	47
33	26	25	23	21	18	18	16	13	12	12	12	10	10	9	7	6	5	5	2

Alive:
50	74	69	75	90	87	93	91	88	92	59	28	86	84	76	89	77	79	81	47
33	28	25	22	21	18	16	13	12	12	12	12	12	9	7	7	6	5	4	4

Alive:
50	74	69	75	90	87	93	94	86	91	92	59	28	88	84	89	76	77	47	79
33	30	22	22	20	18	16	15	14	13	12	12	12	9	9	9	7	6	6	5

Alive:
50	74	69	90	75	93	87	91	86	94	92	59	28	88	89	84	76	77	47	79
35	27	22	22	19	18	15	15	14	12	12	12	12	9	9	8	7	6	6	5

Alive:
50	74	75	69	90	93	87	91	86	94	92	59	28	84	88	89	79	76	47	77
35	29	23	22	22	15	15	14	14	12	12	12	12	10	9	9	5	4	3	3

Alive:
50	74	75	69	90	93	87	91	86	92	94	59	28	89	84	79	88	76	47	77
32	29	23	22	22	17	17	16	14	14	12	9	9	9	7	7	6	4	3	3

Alive:
50	74	75	69	90	91	93	87	94	86	92	28	89	84	79	59	88	47	77	76
32	29	25	24	22	18	17	17	12	11	11	11	9	9	7	6	3	3	3	1

Alive:
50	74	75	69	90	87	91	93	28	86	84	94	89	92	79	59	88	47	77	76
29	29	27	26	22	17	15	14	13	11	11	9	9	8	7	6	5	3	3	1

Alive:
74	50	75	69	90	87	91	93	28	92	89	84	86	94	79	59	88	47	77	76
31	29	29	23	22	17	15	14	10	10	9	8	8	8	7	6	5	3	3	3

Alive:
74	50	75	69	90	91	95	96	87	93	94	28	89	84	86	92	79	88	59	76
33	29	29	23	22	15	15	15	14	14	11	10	9	8	8	7	7	7	6	3

Alive:
74	50	75	90	69	91	95	93	94	96	87	28	89	59	79	88	84	86	76	92
35	29	29	24	23	15	15	14	13	12	11	10	9	8	7	7	5	5	5	4

Alive:
74	50	75	69	90	91	97	93	94	95	96	59	87	89	28	88	79	84	76	92
34	29	29	23	21	15	15	14	13	12	12	12	11	11	10	9	7	5	5	4

Alive:
50	75	74	69	90	91	97	93	87	95	59	89	79	94	28	96	88	84	76	92
29	29	28	23	23	15	15	14	13	12	12	11	11	10	10	9	9	5	4	4

Alive:
75	74	50	69	90	87	95	91	93	97	28	89	79	94	59	96	88	84	92	76
29	28	26	23	23	17	16	15	14	12	12	11	11	10	9	9	6	5	4	1

Alive:
74	75	50	69	90	87	91	93	95	28	79	97	94	59	96	84	89	92	88	76
28	26	26	25	23	17	15	14	13	12	11	11	10	9	9	9	8	6	3	1

Alive:
74	75	50	90	69	87	93	91	98	95	28	79	97	94	59	96	84	92	88	89
28	28	27	23	22	19	16	15	15	13	12	11	11	10	9	9	9	6	3	2

Alive:
74	50	75	90	69	87	93	98	95	28	79	97	96	91	94	84	59	92	88	89
30	27	25	23	22	21	16	15	15	12	11	11	11	11	10	6	6	6	3	2

Alive:
74	75	50	90	69	87	93	28	95	99	97	98	79	96	91	84	94	59	92	89
30	27	24	23	22	21	16	16	15	15	13	12	11	11	11	8	7	6	3	2

Alive:
74	75	90	50	87	69	93	28	95	99	100	98	97	79	96	91	84	94	59	92
32	24	23	21	21	19	18	16	15	15	15	14	13	11	11	11	7	7	6	5

Alive:
74	75	90	50	69	87	100	28	98	93	95	97	79	96	91	94	59	84	99	92
32	24	23	23	19	18	17	16	16	15	15	13	11	11	11	9	8	7	6	5

Alive:
74	75	50	69	90	87	28	100	93	98	95	96	91	97	94	84	79	99	59	92
32	24	23	19	19	18	18	17	17	16	15	13	11	10	9	9	8	6	5	5

Alive:
74	75	69	50	90	93	87	28	100	98	95	96	97	94	84	91	99	79	92	59
32	24	23	20	19	19	18	18	17	16	15	15	10	9	9	7	6	5	5	2

Alive:
74	69	75	50	90	87	98	28	100	93	95	96	97	91	84	94	99	79	92	59
32	25	24	20	19	18	18	17	17	16	15	15	10	6	6	6	6	5	5	4

Alive:
74	75	100	50	69	90	28	87	98	93	95	96	97	99	91	79	92	84	94	59
32	24	21	20	19	19	19	18	18	16	15	15	12	8	6	5	5	3	3	1

Alive:
74	75	100	87	69	90	28	50	98	96	93	95	101	97	92	99	79	91	84	94
32	24	21	20	19	19	19	19	18	17	16	15	12	9	9	8	5	3	3	3

Alive:
74	100	50	87	75	69	28	98	96	95	90	93	102	101	97	99	92	79	91	84
32	21	21	20	20	19	19	18	17	17	16	16	12	12	11	10	9	5	3	3

Alive:
74	100	50	87	75	69	28	95	98	93	96	103	102	90	101	99	97	92	84	79
29	21	21	20	19	19	19	19	18	18	17	15	14	13	12	12	11	9	3	2

Alive:
74	100	50	75	87	93	69	95	98	96	28	103	104	90	105	101	99	102	97	92
31	23	23	21	20	20	19	19	18	17	16	15	15	13	12	12	12	11	11	9

Alive:
74	100	50	87	93	69	75	98	28	96	104	95	90	102	103	105	99	97	92	101
31	23	20	20	20	19	18	18	18	17	17	16	15	13	12	12	12	11	11	9

Alive:
74	100	75	69	93	87	98	50	96	104	28	90	103	95	105	99	97	92	102	101
31	23	22	21	20	19	18	17	17	17	15	15	14	13	12	12	11	11	10	9

Alive:
74	100	93	69	75	87	98	96	104	28	50	99	90	95	105	103	97	92	101	102
28	25	22	21	19	19	18	17	17	15	14	14	14	13	12	11	11	11	11	10

Alive:
74	100	93	75	69	98	96	87	90	101	104	50	99	95	97	28	103	92	102	105
28	27	22	19	18	18	17	16	16	15	14	14	14	13	13	12	11	11	10	9

Alive:
74	100	93	75	69	90	96	87	98	101	104	50	95	97	99	103	92	102	28	105
30	24	22	21	18	18	17	16	15	14	14	14	13	13	13	11	11	10	9	9

Alive:
74	100	93	75	69	90	96	98	87	97	101	104	95	99	50	102	103	28	92	105
27	24	22	20	18	18	17	17	16	15	14	14	13	13	13	12	11	9	8	6

Alive:
74	75	100	93	96	69	87	98	90	97	101	104	99	95	102	103	50	28	92	105
27	22	21	21	19	18	18	17	15	15	14	14	13	12	12	11	10	9	8	6

Alive:
74	75	100	93	96	87	101	98	90	69	102	97	95	104	99	50	28	103	92	105
27	22	21	21	19	18	18	17	17	15	14	12	12	11	10	10	9	8	8	8

Alive:
74	100	93	75	90	87	101	98	96	102	69	97	95	104	28	50	92	105	103	99
29	21	21	19	19	18	18	17	16	16	15	12	12	11	11	10	8	8	7	4

Alive:
74	100	93	90	87	101	98	75	96	102	69	95	97	104	28	92	105	50	103	99
28	21	21	19	18	18	16	16	16	16	14	14	12	11	11	8	8	7	7	6

Alive:
74	100	93	101	96	90	87	98	69	102	97	95	104	28	75	99	92	105	50	103
25	21	21	20	20	19	18	16	14	13	12	11	11	11	10	10	8	8	7	7

Alive:
74	101	93	96	100	90	87	98	69	102	104	75	99	97	95	28	92	105	50	103
27	22	21	20	20	19	18	16	16	13	11	10	10	9	8	8	8	7	7	7

Alive:
74	100	101	96	93	87	69	90	98	104	102	75	99	97	95	28	92	105	50	103
26	24	22	20	18	18	18	16	15	11	10	10	10	9	8	8	8	7	7	7

Alive:
74	100	101	96	93	87	90	69	98	28	104	102	75	99	95	105	50	92	97	103
26	24	22	20	20	18	18	15	12	12	11	10	10	10	8	7	7	7	6	4

Alive:
74	100	96	93	101	87	90	98	75	69	104	102	28	95	99	50	92	97	105	103
26	21	20	20	19	18	18	16	16	15	11	10	9	8	7	7	7	6	4	4

Alive:
74	96	93	101	100	87	98	75	90	69	102	104	95	99	92	28	97	50	103	105
26	22	20	19	18	18	16	16	15	15	12	11	10	9	7	6	6	4	4	3

Alive:
74	96	93	100	101	87	90	69	98	75	102	104	95	28	97	92	103	99	105	50
26	22	20	20	19	18	17	17	16	15	12	11	10	8	6	4	4	3	3	1

Alive:
74	96	100	87	101	90	69	98	75	106	93	102	104	28	97	95	105	92	99	103
28	22	22	20	19	17	17	16	15	15	14	12	11	8	8	7	5	4	3	1

Alive:
74	100	96	101	87	90	69	98	75	106	107	93	104	102	95	28	97	105	92	99
28	24	19	19	17	17	17	15	15	15	15	14	11	9	9	8	8	7	6	3

Alive:
74	100	101	69	87	90	96	98	106	107	108	75	93	102	104	95	28	97	105	92
28	21	19	19	17	17	16	15	15	15	15	14	14	13	13	9	8	8	7	3

Alive:
74	100	69	87	98	108	101	106	107	90	75	93	96	102	95	104	28	105	97	92
25	21	19	17	17	17	16	15	15	14	14	14	13	13	11	10	10	9	8	3

Alive:
74	100	108	98	109	69	101	106	107	102	96	90	75	93	28	87	104	105	95	97
25	21	19	17	17	16	16	15	15	15	15	14	14	14	12	11	10	9	8	8

Alive:
74	100	108	98	69	101	75	109	106	107	102	96	93	28	87	90	104	95	105	97
25	21	21	17	16	16	16	16	15	15	15	15	14	14	13	11	10	8	6	2

Alive:
74	100	108	28	106	101	75	107	102	96	98	93	69	109	87	90	104	95	105	97
25	21	20	18	17	16	16	15	15	15	14	14	13	13	13	11	9	8	6	2

Alive:
74	108	106	100	28	75	101	107	96	110	98	69	109	90	87	102	93	104	95	105
25	20	19	18	18	18	16	15	15	15	14	13	13	13	12	12	11	9	8	8

Alive:
74	108	106	75	96	100	101	107	110	93	69	98	109	90	28	87	102	104	95	105
25	20	19	18	17	17	16	15	15	15	15	14	13	13	12	12	9	9	8	5

Alive:
74	108	75	101	106	96	98	110	93	69	100	109	90	28	87	107	102	104	95	105
25	20	20	18	18	17	16	15	15	15	14	13	13	12	11	9	9	9	8	5

Alive:
74	108	75	101	106	93	69	109	96	100	98	90	110	28	95	102	104	87	105	107
25	20	20	20	18	17	15	15	14	14	13	13	12	12	10	9	9	8	7	6

Alive:
74	108	75	106	101	93	69	109	100	110	98	28	96	90	95	107	102	87	105	104
27	20	20	18	17	17	17	15	14	14	13	12	11	10	10	10	9	8	7	3

Alive:
74	75	108	101	93	106	109	100	96	28	110	69	98	90	95	107	102	105	87	104
27	22	20	19	19	18	15	14	13	12	11	11	10	10	10	10	9	9	5	3

Alive:
74	75	108	93	101	106	109	96	69	95	100	110	105	28	98	90	107	87	102	104
27	22	20	19	16	15	15	13	13	12	11	11	11	11	10	10	10	7	6	3

Alive:
74	75	108	93	109	101	106	96	69	95	107	100	28	98	105	90	87	102	110	104
29	22	22	19	17	16	15	13	13	12	12	11	11	9	8	7	7	6	5	3

Alive:
74	108	75	109	93	101	106	96	28	107	95	100	69	98	87	105	90	110	102	104
31	22	19	19	16	16	15	13	13	12	11	11	10	9	9	8	7	5	3	3

Alive:
74	108	75	109	101	106	28	93	95	69	105	107	98	87	90	100	96	110	102	104
31	22	19	19	18	17	15	13	11	10	10	9	9	9	9	8	7	5	3	3

Alive:
74	108	75	109	106	101	28	93	69	95	105	98	87	90	100	96	107	110	104	102
25	22	21	18	17	17	15	13	12	11	10	9	9	9	8	7	6	5	5	3

Alive:
74	108	75	106	109	101	28	69	95	90	93	105	98	87	104	100	96	107	110	102
22	22	21	17	15	14	14	12	11	11	10	10	9	9	9	8	7	6	5	5

Alive:
74	75	108	106	101	28	98	109	69	105	95	90	93	104	96	100	87	110	102	107
22	21	19	17	14	14	13	12	12	12	11	11	10	9	9	7	6	5	5	3

Alive:
75	74	98	106	108	101	28	105	69	95	90	109	96	93	100	104	87	110	102	107
21	19	19	17	16	14	14	14	12	11	11	9	9	7	7	6	6	5	5	5

Alive:
74	98	106	101	75	105	108	69	28	95	109	96	100	90	104	93	110	87	102	107
19	19	17	16	15	14	13	12	11	11	11	9	9	8	8	7	7	6	5	5

Alive:
74	98	106	101	105	108	109	75	69	28	95	96	100	104	90	107	102	110	93	87
21	19	17	16	16	13	13	12	12	11	11	9	9	8	7	7	5	4	4	3

Alive:
74	98	101	105	108	106	109	75	69	28	104	95	90	107	100	96	102	93	87	110
25	21	16	16	15	14	13	12	12	11	10	8	7	7	6	6	5	4	3	1

Alive:
74	101	105	98	108	106	109	75	104	28	69	95	96	90	107	102	87	93	100	110
24	16	16	15	15	14	13	12	12	11	11	8	8	7	7	5	5	4	3	1

Alive:
74	105	101	106	98	108	111	112	28	104	69	75	109	95	96	90	107	102	87	93
21	18	18	16	15	15	15	15	13	12	11	11	10	8	8	7	7	5	5	4

Alive:
74	105	101	98	106	108	111	28	112	104	69	75	107	87	109	90	95	96	102	93
21	18	18	17	16	15	15	13	12	12	11	11	11	9	7	7	5	5	5	1

Alive:
74	101	98	108	105	106	28	107	111	104	69	75	112	87	109	90	95	96	102	93
23	18	17	17	17	16	13	13	12	12	11	11	9	9	7	6	5	5	2	1

Alive:
74	101	98	108	106	105	111	107	104	109	28	112	87	69	75	96	90	95	93	102
20	18	17	17	16	14	14	13	12	11	10	9	9	8	8	7	6	5	3	2

Alive:
101	111	74	98	108	106	105	107	104	28	112	87	109	69	95	90	75	93	96	102
18	18	17	17	17	16	14	13	12	10	9	9	8	8	6	6	5	5	4	2

Alive:
98	111	74	108	106	101	107	104	105	112	28	109	90	87	95	69	75	96	93	102
19	18	17	17	16	15	13	12	11	11	10	10	8	8	6	5	5	4	2	2

Alive:
111	74	108	106	101	107	98	105	113	104	28	109	90	112	87	75	69	95	96	93
18	17	17	16	15	15	13	13	12	12	10	10	10	8	8	7	7	6	4	2

Alive:
111	74	108	106	107	98	105	114	101	113	104	28	109	90	87	95	75	69	112	96
18	17	17	15	15	15	13	12	12	12	12	10	10	10	10	8	7	7	7	4

Alive:
111	74	108	104	107	98	106	114	101	113	105	28	90	109	95	96	87	69	112	75
18	17	17	16	15	15	12	12	12	12	10	10	10	9	8	8	7	7	7	4

Alive:
111	74	108	104	98	106	114	107	101	113	28	109	95	96	90	69	112	87	105	75
20	17	17	16	15	14	14	12	12	12	12	9	8	8	7	7	7	6	4	4

Alive:
111	74	108	104	106	114	98	115	101	113	28	95	107	109	96	87	90	69	112	105
20	17	17	16	16	14	14	12	12	12	12	10	9	9	8	8	7	7	7	6

Alive:
111	74	106	98	108	114	104	115	28	95	109	87	101	113	107	105	90	69	112	96
20	17	16	16	14	14	13	12	12	12	11	10	9	9	9	8	7	7	7	5

Alive:
106	111	74	98	108	114	115	104	95	109	107	87	101	113	112	105	90	28	96	69
18	17	17	16	14	14	14	13	12	11	11	10	9	9	9	8	7	6	4	4

Alive:
106	111	74	98	115	108	114	104	107	113	95	109	112	87	101	105	90	96	69	28
18	17	17	16	16	14	14	13	13	13	12	11	9	9	6	5	4	4	4	3

Alive:
106	111	74	98	116	108	114	115	104	107	113	109	95	87	69	105	112	90	28	96
20	17	17	16	15	14	14	13	13	13	13	13	12	9	8	7	6	4	3	1

Alive:
106	74	111	98	117	108	114	115	104	107	109	116	95	87	113	69	90	112	105	28
20	19	17	15	15	14	14	13	13	13	13	12	12	11	10	8	8	6	4	3

Alive:
106	74	111	98	117	108	114	95	107	109	116	87	115	104	113	69	112	90	28	105
20	19	19	17	15	14	14	14	13	13	12	11	10	10	9	8	8	5	3	1

Alive:
106	111	98	108	118	74	114	95	104	109	117	116	87	107	115	113	69	112	90	105
22	19	17	16	15	15	14	14	14	13	12	12	11	10	10	9	8	8	5	1

Alive:
111	108	98	106	118	74	119	114	95	104	116	109	117	115	69	107	87	112	113	90
19	18	17	16	15	15	15	14	14	14	14	13	12	12	12	10	8	8	6	5

Alive:
111	98	108	106	118	74	119	114	95	116	109	117	115	69	104	112	107	90	113	87
19	19	18	18	15	15	15	14	14	14	13	12	12	12	11	10	9	7	3	2

Alive:
111	98	108	106	116	118	74	119	120	95	114	117	115	69	104	109	107	112	90	87
19	19	18	18	17	15	15	15	15	14	13	12	12	12	11	10	9	9	7	2

Alive:
111	120	108	106	116	118	74	119	121	95	98	114	115	69	104	109	117	112	90	107
21	19	18	18	17	17	15	15	15	14	13	13	12	12	11	10	9	9	9	6

Alive:
120	118	111	106	116	74	108	119	98	95	114	121	69	104	90	112	109	115	117	107
19	19	18	18	17	17	15	15	15	14	13	12	12	11	11	11	10	9	9	3

Alive:
111	106	116	74	119	120	118	95	98	114	121	108	69	104	90	112	109	115	117	107
18	18	17	17	17	16	16	16	15	13	13	12	12	11	11	11	10	9	9	2

Alive:
119	111	120	116	74	118	95	106	98	121	114	69	108	104	112	109	115	90	117	107
19	18	18	17	17	16	16	15	15	14	13	12	11	11	11	10	9	8	6	2

Alive:
119	111	120	74	106	118	95	98	116	121	114	112	69	108	104	115	90	117	109	107
18	18	18	17	17	16	16	15	14	14	13	13	12	11	11	9	8	7	4	2

Alive:
119	120	74	118	95	111	116	98	106	121	69	114	112	108	104	90	117	115	107	109
18	18	17	16	16	15	15	15	14	14	14	13	13	13	11	10	7	6	2	1

Alive:
120	119	74	98	118	95	111	116	112	121	69	114	108	90	104	117	106	115	109	107
20	20	17	17	16	16	15	15	15	14	14	13	13	10	8	7	5	3	3	2

Alive:
120	119	118	74	112	95	122	114	98	121	69	108	116	111	90	104	106	117	115	107
24	20	18	17	17	16	15	15	14	14	14	13	12	12	10	8	5	4	3	2

Alive:
119	120	112	118	95	74	122	123	121	69	108	114	116	98	90	111	104	106	117	107
22	21	21	18	18	17	15	15	14	14	13	12	12	11	10	9	8	7	4	2

Alive:
119	120	112	95	118	74	122	108	121	98	123	114	116	69	90	111	104	106	107	117
22	21	21	20	18	17	17	15	14	12	12	12	12	11	10	9	8	4	2	1

Alive:
112	119	120	118	74	108	122	95	121	123	114	116	69	90	98	111	104	106	107	117
25	22	21	20	17	15	14	14	14	13	12	12	11	10	9	9	8	4	2	1

Alive:
112	119	118	120	74	121	108	122	95	114	116	123	69	98	90	104	106	111	107	117
25	21	20	18	17	16	15	14	14	14	14	13	11	11	10	5	4	3	2	1

Alive:
112	119	118	120	74	124	116	108	95	114	121	123	69	122	98	90	104	106	111	117
25	23	20	18	17	17	16	15	14	14	13	13	13	11	10	7	5	4	3	1

Alive:
112	119	118	121	120	116	124	108	74	114	123	69	125	95	122	98	90	104	106	111
25	23	19	19	18	18	17	15	14	14	13	13	12	11	11	10	7	5	4	3

Alive:
112	119	118	121	124	120	116	108	69	74	114	123	122	126	125	98	95	90	104	106
25	22	19	19	19	18	18	15	15	14	14	13	13	12	12	9	8	7	5	4

Alive:
112	119	124	120	116	121	108	114	69	123	74	125	118	122	126	98	90	95	104	106
22	22	19	18	18	18	17	16	15	15	14	14	13	13	12	9	7	5	5	4

Alive:
112	119	116	120	108	114	69	123	125	124	118	122	121	126	74	98	106	90	95	104
22	22	20	20	19	16	15	15	14	13	13	13	12	12	11	9	8	7	5	5

Alive:
112	119	116	114	120	108	69	123	122	125	124	118	74	121	126	106	98	90	95	104
22	22	20	18	17	16	15	15	15	14	13	13	13	12	12	10	9	4	4	2

Alive:
119	112	114	108	116	120	122	118	125	126	124	74	123	121	106	69	98	90	95	104
24	19	18	18	17	17	15	15	14	14	13	13	12	12	10	9	9	6	4	2

Alive:
119	108	120	114	116	112	122	118	125	121	126	124	123	69	74	98	90	106	95	104
24	20	19	18	17	16	15	15	14	14	13	13	12	11	10	9	6	4	4	2

Alive:
119	108	114	120	116	112	121	122	124	125	118	123	69	98	126	74	90	106	104	95
24	20	18	18	17	16	16	15	15	13	12	12	11	11	10	10	6	4	2	1

Alive:
119	108	114	120	116	124	122	118	123	112	125	121	69	98	126	74	106	90	104	95
24	22	18	18	17	17	15	14	14	13	13	12	11	11	10	7	4	3	2	1

Alive:
119	108	114	120	116	112	124	122	118	123	125	69	121	126	98	106	90	104	74	95
24	24	18	18	17	15	14	14	14	14	13	13	12	12	8	4	3	2	1	1

Alive:
108	119	120	116	118	114	112	127	122	123	125	69	121	126	124	98	106	95	90	104
24	21	20	17	16	15	15	15	14	14	13	13	12	12	11	8	6	3	2	2

Alive:
108	119	120	116	118	127	128	69	126	125	122	114	112	121	123	124	98	106	95	90
24	23	20	17	16	15	15	15	14	13	13	12	12	12	11	11	10	6	3	2

Alive:
119	108	120	69	116	118	127	128	122	126	124	129	112	121	123	125	98	114	106	95
23	21	20	19	17	16	15	15	15	14	13	12	12	12	11	10	10	9	8	3

Alive:
108	119	120	69	116	122	118	128	126	129	124	121	127	123	125	98	112	114	106	95
21	20	20	18	17	17	16	15	14	14	13	13	12	11	10	10	9	9	8	3

Alive:
122	120	108	119	128	118	129	116	126	124	121	69	127	125	123	98	112	114	106	95
21	20	18	17	17	16	16	14	14	13	13	12	12	12	11	10	9	9	8	3

Alive:
120	122	118	119	128	129	108	126	124	121	127	116	123	112	98	125	114	69	106	95
22	21	20	17	17	16	15	14	13	13	12	11	11	11	10	9	9	8	8	3

Alive:
122	120	118	119	128	129	126	130	127	124	121	123	108	116	112	125	98	69	106	95
23	22	17	17	17	16	16	15	14	13	13	13	12	11	11	11	10	8	8	3

Alive:
122	120	119	128	118	129	126	130	124	108	121	116	127	112	125	123	98	69	106	95
23	21	17	17	16	16	16	15	15	14	13	13	11	11	11	10	10	8	5	3

Alive:
122	120	118	119	128	129	126	108	130	124	121	131	98	127	112	125	116	123	106	69
23	18	18	17	17	16	16	16	15	15	15	15	12	11	11	11	10	7	7	5

Alive:
122	118	128	131	121	129	126	108	130	119	125	120	98	127	112	116	124	123	106	69
25	20	17	17	17	16	16	16	15	14	13	12	12	11	11	10	9	7	7	5

Alive:
122	128	118	121	126	129	130	131	108	125	120	98	116	119	127	112	124	106	69	123
25	21	20	17	17	16	15	14	13	13	12	12	12	11	11	11	9	7	5	4

Alive:
122	118	128	121	126	129	116	131	130	125	112	108	120	119	127	98	124	69	106	123
25	20	18	17	17	16	16	16	15	13	13	12	12	11	11	9	6	5	4	4

Alive:
122	118	128	121	126	131	130	120	108	116	125	112	127	119	129	98	124	69	123	106
27	22	18	17	17	16	15	14	14	13	13	13	13	11	10	6	6	5	4	1

Alive:
122	118	121	128	126	131	130	132	120	108	112	129	125	116	127	119	98	124	69	123
29	22	19	18	17	16	15	15	14	14	13	12	10	10	10	10	6	6	5	4

Alive:
122	118	121	128	126	132	130	112	120	108	131	116	129	125	127	98	119	124	69	123
23	22	19	18	17	17	15	15	14	14	13	12	11	10	10	8	7	6	5	4

Alive:
122	118	121	126	132	128	112	120	108	131	130	129	125	116	98	127	69	124	119	123
23	22	21	19	19	18	15	14	14	13	12	11	10	9	8	7	7	6	6	1

Alive:
118	122	121	126	128	132	112	133	120	108	131	129	130	125	98	127	116	124	69	119
24	23	21	21	20	18	15	15	14	14	13	13	12	10	8	7	6	6	4	3

Alive:
118	122	121	126	132	128	112	133	134	120	108	130	131	129	125	116	127	124	98	69
24	24	21	21	20	17	15	15	15	14	14	14	13	10	10	8	7	6	5	4

Alive:
118	122	132	121	126	128	133	134	120	130	112	108	131	129	125	116	127	124	98	69
24	24	22	21	21	17	15	14	14	14	14	11	10	10	10	10	7	6	5	3

Alive:
132	121	118	122	126	128	133	130	134	120	108	112	131	129	125	116	127	124	98	69
24	23	21	18	18	17	17	16	14	14	13	11	10	10	10	10	7	6	5	3

Alive:
132	121	118	122	130	133	126	128	134	120	112	131	108	125	116	129	127	124	69	98
24	23	23	18	18	17	15	14	14	14	13	12	10	10	10	7	7	6	5	2

Alive:
121	132	118	126	122	130	135	133	128	134	120	131	112	125	108	116	127	129	124	69
25	24	23	19	18	18	15	14	14	14	14	14	13	10	7	7	7	6	6	5

Alive:
121	132	118	130	126	122	120	135	112	133	128	131	134	125	127	116	124	108	69	129
25	21	20	20	19	18	16	15	15	14	14	14	11	10	9	7	6	6	5	3

Alive:
121	132	130	126	122	120	118	131	128	135	112	127	133	134	125	116	69	124	108	129
25	21	20	19	18	18	17	16	16	15	15	13	11	11	7	7	5	3	3	3

Alive:
121	130	132	126	122	120	128	118	135	112	131	127	134	125	133	116	69	124	108	129
25	22	21	18	18	18	18	17	15	15	13	13	11	7	7	6	5	3	3	3

Alive:
121	130	132	122	120	126	128	118	112	127	131	136	135	134	133	125	69	108	116	129
25	22	21	20	20	18	18	17	15	13	12	12	12	11	9	7	5	5	3	3

Alive:
121	130	132	122	128	118	126	120	112	131	136	135	127	133	134	125	108	69	116	129
27	24	21	20	20	19	18	17	12	12	12	12	10	9	8	7	5	4	3	3

Alive:
121	130	132	122	126	128	120	118	112	131	136	135	127	133	134	125	108	69	116	129
29	25	23	20	20	17	14	13	12	12	12	12	10	9	8	7	5	4	3	3

Alive:
121	130	132	126	128	122	120	118	112	136	135	133	127	131	125	134	108	69	116	129
29	22	22	19	19	17	14	13	12	12	12	11	10	9	9	8	5	4	3	3

Alive:
121	130	132	126	128	122	120	137	138	112	136	118	135	134	127	131	125	133	129	69
29	22	22	19	19	17	16	15	15	14	14	13	12	12	10	9	9	8	3	1

Alive:
121	130	132	128	122	126	120	136	135	137	118	138	134	127	112	131	133	125	129	69
29	24	24	19	17	16	16	14	14	14	13	12	12	12	11	9	8	6	3	1

Alive:
121	132	130	128	126	120	135	139	122	136	137	138	118	127	112	134	131	125	133	69
31	26	24	16	16	16	16	15	14	14	14	14	13	12	11	9	9	8	5	1

Alive:
121	132	130	120	139	128	126	135	122	136	118	138	137	127	134	112	125	131	133	69
33	26	24	18	17	16	16	16	16	14	13	11	11	9	9	8	8	6	5	3

Alive:
121	132	130	122	120	135	139	128	126	136	118	137	134	112	125	127	138	133	131	69
33	26	21	20	18	18	17	16	16	16	13	13	9	8	8	6	5	5	3	3

Alive:
121	132	130	120	136	135	122	139	126	140	128	118	137	134	112	125	138	133	131	69
33	23	21	20	20	18	17	17	16	15	13	13	13	11	8	8	5	5	5	3

Alive:
121	132	130	136	135	126	120	122	139	140	141	118	137	134	128	112	125	133	131	138
33	25	23	20	18	18	17	17	17	15	15	13	13	11	10	8	7	7	5	2

Alive:
121	130	132	136	139	126	122	135	140	141	137	120	118	134	133	128	125	112	131	138
33	22	22	20	19	18	17	15	15	15	15	14	13	11	11	10	7	5	5	2

Alive:
121	130	132	136	139	126	122	142	135	140	141	137	118	120	133	128	125	134	112	131
33	22	22	20	19	18	17	17	17	15	15	15	13	11	11	9	9	8	5	4

Alive:
121	132	130	139	136	122	135	126	141	142	118	120	140	137	133	125	134	128	112	131
30	24	22	21	20	17	17	15	15	14	13	13	12	12	11	11	10	9	5	4

Alive:
121	132	130	139	136	122	135	118	142	137	120	126	141	140	133	134	125	112	128	131
30	26	24	21	17	17	17	15	14	14	13	12	12	12	11	10	8	7	6	4

Alive:
121	130	132	139	136	135	122	137	120	133	118	126	141	142	134	140	112	125	128	131
30	26	25	21	17	17	16	14	13	13	12	12	12	11	10	9	9	8	6	4

Alive:
121	130	132	139	136	122	135	137	120	133	118	126	142	134	141	112	140	128	125	131
30	30	25	23	16	16	16	14	13	13	12	12	11	10	9	9	6	6	5	4

Alive:
130	121	132	139	136	122	135	120	126	137	133	118	142	112	140	134	141	128	125	131
30	29	25	23	16	16	16	15	14	13	13	11	11	9	8	7	6	6	5	1

Alive:
121	130	132	139	136	122	135	126	120	137	133	142	112	140	128	134	118	125	131	141
29	27	25	20	16	16	16	16	15	13	13	11	11	8	8	7	5	5	5	3

Alive:
121	130	132	139	122	136	135	126	137	133	142	120	112	140	134	131	141	118	125	128
33	27	25	20	18	18	16	16	13	13	13	12	11	8	7	5	3	2	2	2

Alive:
121	130	132	136	126	139	143	135	122	144	142	137	133	120	134	112	140	131	141	118
33	27	25	18	18	17	17	16	15	15	15	13	13	12	9	8	8	5	5	2

Alive:
121	130	132	136	126	143	135	122	142	139	137	144	120	133	140	134	112	131	118	141
35	27	25	18	18	17	16	15	15	14	13	12	12	10	10	9	7	7	4	2

Alive:
121	132	130	136	143	122	135	126	142	139	137	144	133	140	112	131	120	134	118	141
37	25	24	18	17	17	16	15	15	14	13	12	12	10	9	7	6	6	4	4

Alive:
121	132	130	136	143	122	142	135	139	126	137	112	133	144	140	131	134	118	141	120
37	27	24	18	17	17	17	16	16	15	12	11	9	9	7	7	6	4	4	3

Alive:
121	132	130	136	143	142	139	126	145	122	135	137	112	133	144	134	140	131	118	141
37	27	24	18	17	17	16	15	15	14	13	11	11	11	8	8	7	7	6	4

Alive:
121	132	130	143	142	136	139	122	126	145	135	133	112	137	144	134	140	131	141	118
37	24	21	17	17	17	16	16	15	15	15	13	11	8	8	8	7	7	6	3

Alive:
121	132	130	139	143	136	145	122	146	142	112	126	135	133	144	137	134	141	140	131
37	24	21	18	17	17	17	16	15	14	13	12	12	10	10	8	8	8	7	7

Alive:
121	132	130	139	143	136	145	122	146	112	135	126	133	142	144	141	134	140	131	137
34	21	21	20	17	17	17	16	15	15	14	12	12	11	10	10	8	7	7	2

Alive:
121	132	139	143	136	145	112	122	135	130	146	133	142	126	141	134	144	131	140	137
34	23	17	17	17	17	17	16	16	15	15	14	13	12	10	8	7	7	4	2

Alive:
121	132	139	122	143	136	112	135	130	145	142	146	126	133	141	134	144	131	140	137
31	23	21	20	17	17	17	16	15	14	13	12	12	11	10	8	7	6	4	2

Alive:
121	139	132	122	112	143	135	130	136	142	126	145	133	141	146	134	131	144	140	137
28	23	20	20	19	19	16	15	14	13	12	11	11	10	9	8	8	7	4	4

Alive:
121	132	112	143	135	139	122	130	136	126	142	133	141	134	146	145	131	144	140	137
28	20	19	19	18	17	17	17	14	14	13	11	10	10	9	8	8	7	6	1

Alive:
121	132	135	130	122	139	112	143	147	126	142	136	133	146	141	134	145	131	140	144
30	20	20	19	19	17	16	16	15	14	13	11	11	11	10	10	8	8	6	4

Alive:
121	135	130	122	132	139	147	143	142	126	112	133	134	136	146	141	131	140	145	144
27	20	19	19	17	17	17	16	15	14	13	12	12	11	11	10	8	6	5	4

Alive:
121	122	143	135	130	132	147	142	126	112	133	134	139	136	146	131	141	145	144	140
27	23	20	19	19	17	17	15	14	13	12	12	11	11	11	8	7	5	4	3

Alive:
121	122	132	130	135	143	126	142	112	147	133	134	146	136	139	131	141	145	140	144
27	23	21	21	19	17	16	15	15	14	12	12	11	8	8	8	7	5	3	1

Alive:
121	122	132	130	135	143	142	112	147	126	133	134	146	136	141	139	131	145	140	144
26	25	21	21	19	16	15	15	14	13	12	12	11	10	7	5	5	5	5	1

Alive:
121	122	132	130	135	143	134	142	112	126	147	133	146	136	141	131	145	140	139	144
26	22	21	21	19	16	16	15	15	15	14	12	11	10	6	5	4	2	2	1

Alive:
121	122	130	135	132	134	142	112	126	147	143	136	146	131	133	141	145	140	139	144
28	22	21	19	18	18	15	15	15	14	13	12	11	7	6	6	4	2	1	1

Alive:
121	122	135	132	142	130	134	126	147	136	143	112	146	131	133	141	139	145	144	140
28	22	19	18	17	15	15	15	14	14	13	12	8	7	6	6	5	4	3	2

Alive:
121	122	135	130	132	142	134	126	148	147	143	112	136	146	131	140	139	141	145	133
25	22	19	19	18	17	15	15	15	14	13	12	11	8	7	6	5	5	4	3

Alive:
121	122	135	130	142	132	134	126	143	149	147	112	148	136	146	131	140	141	133	139
25	22	19	19	17	17	15	15	15	15	14	14	12	11	8	7	6	5	5	4

Alive:
121	122	135	130	142	132	143	126	149	147	112	134	148	136	146	140	131	139	133	141
22	22	19	19	17	17	17	15	15	14	14	12	12	10	10	8	7	6	2	2

Alive:
122	121	130	135	142	132	143	149	147	112	126	134	148	136	140	146	139	131	133	141
22	21	21	19	17	17	17	17	14	13	12	12	12	12	8	7	6	4	2	2

Alive:
121	130	135	122	142	132	149	143	147	112	134	148	140	126	136	146	133	139	141	131
21	21	21	19	17	17	17	14	14	13	12	12	12	11	11	7	4	3	2	1

Alive:
130	135	122	132	121	149	142	143	147	148	112	126	134	140	136	146	133	139	141	131
21	21	19	19	18	17	16	14	14	14	13	13	12	11	8	4	4	3	2	1

Alive:
135	122	132	121	142	149	130	126	143	148	112	134	140	147	136	131	146	139	141	133
21	21	19	18	18	17	15	15	14	14	13	12	11	8	8	5	4	3	2	1

Alive:
122	135	132	121	142	126	149	143	148	112	134	140	136	130	147	131	139	146	141	133
23	21	19	19	15	15	14	14	14	13	12	11	10	9	8	5	5	4	2	1

Alive:
135	122	132	121	149	148	142	126	150	143	140	134	112	136	130	147	131	139	141	133
25	20	19	19	16	16	15	15	15	14	13	12	10	10	9	5	5	5	2	1

Alive:
135	122	148	150	142	132	149	126	151	143	134	121	140	112	136	130	147	131	139	133
25	20	18	17	17	16	16	15	15	14	14	13	10	10	10	9	5	5	5	3

Alive:
135	122	148	150	142	132	149	126	143	134	121	140	151	130	131	112	136	147	139	133
25	22	20	17	17	16	16	15	14	14	10	10	9	9	9	7	7	5	5	5

Alive:
135	142	148	122	150	126	132	143	134	149	121	151	130	131	140	136	147	139	112	133
25	21	20	19	19	17	16	14	14	13	12	9	9	9	7	7	5	5	4	2

Alive:
142	135	150	148	126	132	152	143	134	122	149	121	151	131	136	140	147	130	112	139
23	22	21	20	17	16	15	14	14	13	13	12	9	9	9	7	7	6	6	5

Alive:
142	135	148	150	126	152	143	134	132	122	149	121	112	131	136	151	140	130	139	147
23	22	22	18	17	17	14	14	13	13	13	12	10	9	9	8	7	6	5	1

Alive:
135	148	142	150	126	152	149	134	143	121	132	122	112	136	151	140	131	130	139	147
22	22	20	18	17	17	17	16	14	14	13	10	10	9	7	7	6	6	2	1

Alive:
135	148	142	149	126	134	150	152	143	112	121	136	132	122	140	131	130	151	139	147
22	22	20	19	17	16	15	14	14	12	11	11	10	10	9	8	6	4	2	1

Alive:
148	135	142	126	150	134	152	143	149	112	121	136	140	122	131	132	130	151	147	139
22	19	17	17	17	16	16	14	13	12	11	11	11	10	10	7	6	4	3	2

Alive:
148	135	134	142	126	150	152	153	149	122	131	121	136	112	143	140	132	130	151	147
22	21	18	17	17	17	16	15	15	12	12	11	11	9	8	8	7	6	4	3

Alive:
135	134	142	126	150	153	148	152	121	149	122	131	136	112	143	140	132	151	130	147
21	18	17	17	17	17	16	15	13	12	12	12	11	9	8	8	7	6	5	3

Alive:
135	126	134	150	153	148	152	142	131	121	122	149	112	132	136	143	140	151	130	147
21	19	18	17	17	15	15	14	14	13	12	9	9	9	8	8	8	6	4	3

