12 30
-12.629000000 6.601974000 -9.215815000 -19.773560000 -13.083350000 -12.629000000 6.601974000 -9.215815000 -19.773560000 -13.083350000 -12.629000000 6.601974000 -9.215815000 -19.773560000 -13.083350000

6 30
-12.629000000 6.601974000 -9.215815000 -19.773560000 -13.083350000 -12.629000000 6.601974000 -9.215815000 -19.773560000 -13.083350000 -12.629000000 6.601974000 -9.215815000 -19.773560000 -13.083350000

17 30
-12.629000000 6.601974000 -9.215815000 -19.773560000 -13.083350000 -12.629000000 6.601974000 -9.215815000 -19.773560000 -13.083350000 -12.629000000 6.601974000 -9.215815000 -19.773560000 -13.083350000

3 30
-12.629000000 6.601974000 -9.215815000 -19.773560000 -13.083350000 -12.629000000 6.601974000 -9.215815000 -19.773560000 -13.083350000 -12.629000000 6.601974000 -9.215815000 -19.773560000 -13.083350000

11 30
-12.629000000 6.601974000 -9.215815000 -19.773560000 -13.083350000 -12.629000000 6.601974000 -9.215815000 -19.773560000 -13.083350000 -12.629000000 6.601974000 -9.215815000 -19.773560000 -13.083350000

7 30
-12.629000000 6.601974000 -9.215815000 -19.773560000 -13.083350000 -12.629000000 6.601974000 -9.215815000 -19.773560000 -13.083350000 -12.629000000 6.601974000 -9.215815000 -19.773560000 -13.083350000

14 30
-12.629000000 6.601974000 -9.215815000 -19.773560000 -13.083350000 -12.629000000 6.601974000 -9.215815000 -19.773560000 -13.083350000 -12.629000000 6.601974000 -9.215815000 -19.773560000 -13.083350000

18 30
-12.629000000 6.601974000 -9.215815000 -19.773560000 -13.083350000 -12.629000000 6.601974000 -9.215815000 -19.773560000 -13.083350000 -12.629000000 6.601974000 -9.215815000 -19.773560000 -13.083350000

16 30
-12.629000000 6.601974000 -9.215815000 -19.773560000 -13.083350000 -12.629000000 6.601974000 -9.215815000 -19.773560000 -13.083350000 -12.629000000 6.601974000 -9.215815000 -19.773560000 -13.083350000

13 30
-12.629000000 6.601974000 -9.215815000 -19.773560000 -13.083350000 -12.629000000 6.601974000 -9.215815000 -19.773560000 -13.083350000 -12.629000000 6.601974000 -9.215815000 -19.773560000 -13.083350000

10 30
-12.629000000 6.601974000 -9.215815000 -19.773560000 -13.083350000 -12.629000000 6.601974000 -9.215815000 -19.773560000 -13.083350000 -12.629000000 6.601974000 -9.215815000 -19.773560000 -13.083350000

1 30
-12.629000000 6.601974000 -9.215815000 -19.773560000 -13.083350000 -12.629000000 6.601974000 -9.215815000 -19.773560000 -13.083350000 -12.629000000 6.601974000 -9.215815000 -19.773560000 -13.083350000

2 30
-12.629000000 6.601974000 -9.215815000 -19.773560000 -13.083350000 -12.629000000 6.601974000 -9.215815000 -19.773560000 -13.083350000 -12.629000000 6.601974000 -9.215815000 -19.773560000 -13.083350000

4 30
-12.629000000 6.601974000 -9.215815000 -19.773560000 -13.083350000 -12.629000000 6.601974000 -9.215815000 -19.773560000 -13.083350000 -12.629000000 6.601974000 -9.215815000 -19.773560000 -13.083350000

20 30
-12.629000000 6.601974000 -9.215815000 -19.773560000 -13.083350000 -12.629000000 6.601974000 -9.215815000 -19.773560000 -13.083350000 -12.629000000 6.601974000 -9.215815000 -19.773560000 -13.083350000

8 30
-12.629000000 6.601974000 -9.215815000 -19.773560000 -13.083350000 -12.629000000 6.601974000 -9.215815000 -19.773560000 -13.083350000 -12.629000000 6.601974000 -9.215815000 -19.773560000 -13.083350000

9 30
-12.629000000 6.601974000 -9.215815000 -19.773560000 -13.083350000 -12.629000000 6.601974000 -9.215815000 -19.773560000 -13.083350000 -12.629000000 6.601974000 -9.215815000 -19.773560000 -13.083350000

5 30
-12.629000000 6.601974000 -9.215815000 -19.773560000 -13.083350000 -12.629000000 6.601974000 -9.215815000 -19.773560000 -13.083350000 -12.629000000 6.601974000 -9.215815000 -19.773560000 -13.083350000

19 30
-12.629000000 6.601974000 -9.215815000 -19.773560000 -13.083350000 -12.629000000 6.601974000 -9.215815000 -19.773560000 -13.083350000 -12.629000000 6.601974000 -9.215815000 -19.773560000 -13.083350000

15 30
-12.629000000 6.601974000 -9.215815000 -19.773560000 -13.083350000 -12.629000000 6.601974000 -9.215815000 -19.773560000 -13.083350000 -12.629000000 6.601974000 -9.215815000 -19.773560000 -13.083350000

