135 21
-13.267314361 10.264703852 -8.499853773 -21.838866826 -14.284335334 -13.267314361 11.924355027 -10.945096561 -16.947346460 -10.612744347 -11.506678974 10.880180099 -8.499853773 -20.462489189 -9.992529203

126 19
-12.355227755 8.533898785 -6.733796887 -20.462489189 -13.064203290 -10.430865401 6.601974000 -6.733796887 -14.994993404 -13.854383048 -13.267314361 6.601974000 -6.733796887 -21.088721516 -13.854383048

134 18
-13.592702436 10.880180099 -6.205033768 -16.947346460 -10.268917178 -13.267314361 10.264703852 -8.499853773 -21.838866826 -14.284335334 -13.267314361 11.924355027 -10.945096561 -16.947346460 -10.612744347

150 17
-16.099319392 10.880180099 -9.215815000 -19.023060680 -15.531892042 -16.570044722 12.078896514 -9.215815000 -18.275106244 -17.304540765 -13.028045854 8.533898785 -6.733796887 -23.351087256 -14.284335334

153 17
-11.046664324 10.880180099 -13.835246568 -19.023060680 -11.335657297 -12.372136570 11.181756679 -7.736100017 -21.838866826 -9.785325102 -16.711682403 9.123142115 -8.277595800 -19.023060680 -15.531892042

148 15
-12.454659166 11.653256266 -8.980303050 -21.838866826 -14.284335334 -13.267314361 11.700180367 -8.499853773 -21.838866826 -10.312021754 -16.099319392 10.880180099 -9.215815000 -19.023060680 -15.531892042

152 15
-13.028045854 8.533898785 -6.733796887 -23.351087256 -14.284335334 -11.046664324 10.880180099 -13.835246568 -19.023060680 -11.335657297 -12.372136570 11.181756679 -7.736100017 -21.838866826 -9.785325102

142 14
-13.267314361 10.880180099 -12.530483575 -19.023060680 -12.300841738 -12.372136570 10.880180099 -7.736100017 -21.838866826 -9.785325102 -15.070978158 10.880180099 -7.673346100 -21.838866826 -10.719160241

131 14
-11.286667699 8.180378543 -6.733796887 -21.088721516 -13.064203290 -13.267314361 10.880180099 -8.499853773 -21.838866826 -15.411779530 -14.270828379 10.880180099 -9.215815000 -19.023060680 -17.385310593

121 13
-13.267314361 10.880180099 -8.499853773 -21.838866826 -10.719160241 -14.270828379 10.880180099 -9.215815000 -19.023060680 -15.531892042 -12.355227755 6.601974000 -6.733796887 -14.994993404 -13.064203290

122 12
-14.270828379 10.880180099 -9.215815000 -19.023060680 -15.531892042 -12.355227755 6.601974000 -6.733796887 -14.994993404 -13.064203290 -13.564434576 10.436724552 -10.340783301 -22.332375049 -12.134650261

149 9
-13.267314361 11.700180367 -8.499853773 -21.838866826 -10.312021754 -16.099319392 10.880180099 -9.215815000 -19.023060680 -15.531892042 -16.570044722 12.078896514 -9.215815000 -18.275106244 -17.304540765

112 9
-11.200958877 8.533898785 -8.974878398 -20.462489189 -15.045182172 -11.861102014 4.983787728 -7.733397920 -18.167624739 -11.854997086 -13.267314361 8.533898785 -8.974878398 -19.023060680 -14.300639775

132 9
-13.267314361 10.880180099 -8.499853773 -21.838866826 -15.411779530 -14.270828379 10.880180099 -9.215815000 -19.023060680 -17.385310593 -13.592702436 10.880180099 -6.205033768 -16.947346460 -10.268917178

136 8
-13.267314361 11.924355027 -10.945096561 -16.947346460 -10.612744347 -11.506678974 10.880180099 -8.499853773 -20.462489189 -9.992529203 -13.267314361 10.880180099 -10.945096561 -21.838866826 -15.411779530

143 8
-12.372136570 10.880180099 -7.736100017 -21.838866826 -9.785325102 -15.070978158 10.880180099 -7.673346100 -21.838866826 -10.719160241 -13.267314361 10.880180099 -8.499853773 -20.390955578 -15.411779530

140 8
-15.069480371 10.264703852 -8.499853773 -21.838866826 -15.411779530 -11.455441869 10.264703852 -8.499853773 -16.374285536 -16.263471714 -13.267314361 10.880180099 -12.530483575 -19.023060680 -12.300841738

151 6
-16.570044722 12.078896514 -9.215815000 -18.275106244 -17.304540765 -13.028045854 8.533898785 -6.733796887 -23.351087256 -14.284335334 -11.046664324 10.880180099 -13.835246568 -19.023060680 -11.335657297

130 4
-13.267314361 10.880180099 -10.945096561 -19.023060680 -12.300841738 -11.286667699 8.180378543 -6.733796887 -21.088721516 -13.064203290 -13.267314361 10.880180099 -8.499853773 -21.838866826 -15.411779530

147 3
-13.267314361 10.880180099 -7.736100017 -20.069850565 -10.719160241 -12.454659166 11.653256266 -8.980303050 -21.838866826 -14.284335334 -13.267314361 11.700180367 -8.499853773 -21.838866826 -10.312021754

