0.283812274 0.264624241 0.538593585 -0.513090233 0.095138022 0.121503366 -0.042630485 -0.039228159 -0.746056771 0.345461799
0.584771622 0.314615945 -0.560743701 0.731143050 0.168709211 0.859580744 0.166714346 -0.557885537 -0.026875810 0.363313462
0.016716293 -0.207306591 0.276648691 0.041131503 -0.419978879 0.323491219 -0.310762398 0.182968450 0.363274002 0.495417949
-0.092802128 0.704587046 -0.054710777 -0.002398330 0.682985839 -0.435940774 0.199897218 -0.028759236 0.408181696 -0.475656833
0.651855813 0.374579166 -0.698630228 -0.207458944 -0.707210376 -0.106053291 0.057869197 -0.036991102 -0.144005655 0.337014507
0.131728489 0.620417007 0.290064452 -0.726633878 0.381671195 0.315848035 0.195586210 0.176927208 0.417712625 0.075188119
0.535382126 0.591257804 -0.333861802 0.675434866 -0.597319625 -0.817100408 0.320729809 0.344925663 0.303533116 -0.348527981
0.675792930 0.486701209 0.382653700 -0.587247987 0.643087008 0.139188203 0.398232874 -0.905394473 0.066264597 0.106679476
-0.167659782 0.122332143 -0.386296304 0.339408175 0.495455842 0.576062790 -0.872714835 -0.151852937 -0.084484160 0.701294387
-0.264561744 0.876478866 0.087654963 -0.428614099 -0.008217967 -0.347389276 -0.695748830 -0.091405101 0.626980376 -0.627694581
0.414227586 0.078422758 0.072258316 0.190269419 -0.028383789 0.032323115 0.631430399 -0.218224225 -0.098355792 0.064523812
0.611056386 0.043460149 0.111291935 -0.298678672 -0.362788711 -0.375735587 0.719638570 -0.278254449 0.247172083 -0.080610192
-0.262496471 0.000189652 0.872456084 -0.226314668 -0.183932946 0.446693963 0.395676131 0.543238209 0.010376576 -0.136699321
0.468388783 -0.249104687 -0.179113859 0.378661680 0.164977798 -0.247559030 0.331001139 0.391692151 0.845382432 0.833834377
0.742493708 -0.002227703 -0.226004881 -0.426750662 0.554306317 -0.410767031 -0.588383737 0.034033567 0.133392963 -0.104493942
-0.198311273 0.243936411 0.313890356 -0.415416899 -0.084754350 -0.173162178 0.121394174 0.385915176 -0.038359104 -0.198708697
0.881621279 -0.762535068 -0.199538288 0.239342642 0.377145112 0.374124772 -0.047879853 0.018540547 0.039865406 0.072278414
-0.200655019 -0.207422777 0.851426830 -0.442723338 -0.241789049 0.479863760 0.445487554 0.036156171 0.802288418 -0.423634633
-0.651817510 -0.369557775 -0.320274321 -0.039748611 0.431744273 -0.432975680 0.228763254 -0.521375898 -0.154276309 -0.292574597
0.384824125 -0.136490366 -0.663160522 0.272326688 0.021582363 0.638460477 0.044342089 0.111763298 0.294556245 0.829510160
-0.342293291 -0.286655434 0.209009213 0.176299603 0.134434625 0.184278095 -0.632517722 0.518907202 0.103744716 -0.029053381
0.451048173 0.191449615 0.435423937 0.664301296 0.211268613 0.041259824 0.081437605 0.055704627 -0.148032896 0.537588934
0.159135260 0.064144406 0.301968123 -0.270189691 -0.722327980 0.752186522 0.037347250 0.202767026 -0.982628362 0.158102319
-0.064367479 0.207427087 0.688707218 -0.127736547 0.182916167 -0.495139394 -0.309857706 0.528116827 -0.057452888 -0.496915767
0.465554068 -0.499270737 0.446042412 0.585177621 0.423771498 -0.455487971 -0.370131228 0.151512723 -0.683652789 0.802651911
-0.485608683 -0.546317133 -0.870403766 -0.330329608 0.379713463 0.009469219 0.040062172 0.164598298 -0.644758404 -0.087658024
0.085934628 -0.439998789 -0.197260941 -0.069128077 0.193579990 -0.152142999 -0.339275815 -0.510976452 -0.726764990 -0.307877196
-0.156181221 -0.232675091 -0.180355014 -0.147817687 -0.415799826 0.584787861 -0.335918034 -0.287536905 0.012243013 -0.442263922
0.194670983 -0.392336163 -0.254345294 -0.002978028 -0.649361509 -0.567396784 -0.581255391 0.464945262 -0.087875188 0.085761357
-0.414856502 -0.018410974 0.357938674 -0.553121004 -0.184833295 -0.404543042 -0.254959892 0.898730409 -0.907879558 0.435594256
-0.618649533 0.284694282 -0.268728508 0.041055022 -0.489517642 -0.299587701 0.146968513 -0.298255642 -0.281398981 0.670408429
-0.208419446
3

-0.078741061 0.343521590 0.538593585 -0.513090233 0.095138022 -0.131235222 -0.042630485 -0.040996919 0.315786192 0.569414336
0.007323540 0.285171412 -0.560743701 0.731143050 0.168709211 0.415003095 -0.139674718 0.193942295 -0.026875810 0.363313462
0.359613206 -0.402303287 0.276648691 -0.125713497 -0.419978879 -0.535079318 -0.044013658 0.182968450 -0.300974044 0.495417949
0.434350954 0.704587046 -0.054710777 -0.002398330 0.482515358 -0.254488864 0.199897218 0.452401341 0.408181696 -0.420039408
0.651855813 0.323390643 -0.390156090 0.256234503 -0.707210376 0.317036475 0.057869197 -0.036991102 -0.740186688 0.337014507
0.766438209 -0.038451612 0.290064452 -0.726633878 0.839313700 0.315848035 0.195586210 0.167390532 0.032739792 0.123091180
0.535382126 0.591257804 -0.041029556 -0.314934032 0.341565897 -0.817100408 0.216392904 0.344925663 0.303533116 -0.348527981
0.675792930 0.486701209 -0.255847858 -0.587247987 0.643087008 0.272226635 0.398232874 0.149104907 -0.087523902 0.106679476
0.126680019 0.122332143 -0.030748888 0.482619119 0.495455842 0.520401420 -0.180533964 -0.151852937 -0.517238243 0.701294387
-0.690485603 0.876478866 -0.353613240 -0.428614099 -0.278311657 -0.000757732 -0.695748830 -0.028060622 -0.002582332 -0.627694581
0.414227586 0.078422758 -0.408717164 0.038724549 -0.028383789 0.032323115 0.631430399 -0.218224225 -0.264092480 -0.074826881
-0.600477238 0.043460149 0.111291935 0.411641784 -0.362788711 -0.415662233 0.098176988 -0.115491187 0.247172083 0.721456909
-0.262496471 -0.423114159 -0.761915619 -0.226314668 0.115399848 -0.359209708 0.225517761 0.543238209 0.010376576 -0.076623898
0.190693316 -0.249104687 -0.225815475 0.170274916 0.384170306 -0.247559030 -0.390130574 -0.172871877 -0.058915490 -0.570501331
-0.491152682 -0.002227703 -0.442798171 -0.426750662 0.499059807 -0.410767031 -0.588383737 0.403473156 0.133392963 -0.104493942
0.721545138 0.243936411 0.313890356 0.001852713 -0.084754350 -0.173162178 0.265011678 0.385915176 -0.038359104 -0.205087884
0.668832520 -0.105668642 0.657404390 -0.039959372 0.192940430 0.136446368 -0.443375404 -0.618916809 0.310326568 0.072278414
-0.200655019 -0.207422777 0.316085550 0.567824774 0.550820428 -0.070423034 0.445487554 0.036156171 0.802288418 0.749490164
-0.651817510 -0.851201938 -0.178301973 0.454786479 0.431744273 -0.432975680 -0.257814863 -0.580593897 -0.422518199 -0.516005385
-0.135164625 -0.136490366 -0.663160522 0.272326688 0.021582363 0.638460477 0.044342089 0.474110188 0.969422677 0.829510160
-0.108994016 -0.286655434 0.209009213 0.176299603 0.298912062 0.913940053 -0.632517722 0.518907202 0.737448130 0.441113658
-0.495174184 0.191449615 -0.337796249 0.012705837 0.211268613 -0.046518754 0.081437605 0.430060944 -0.327253277 0.306978117
0.680065414 0.677888616 0.301968123 0.323905313 -0.334332706 -0.130843474 0.136890203 0.202767026 0.703482513 -0.215324092
-0.064367479 0.207427087 0.200958741 -0.088283106 0.182916167 -0.495139394 -0.323877108 -0.134649523 -0.919571641 -0.556113448
0.015716969 -0.499270737 0.446042412 0.098955466 0.423771498 -0.455487971 0.057425042 0.204805222 0.757463190 0.611374561
0.806801889 -0.520250656 -0.870403766 -0.330329608 0.379713463 0.259536258 0.040062172 -0.449036545 0.624672088 0.021983435
0.085934628 -0.439998789 -0.197260941 -0.102216378 0.625115123 -0.152142999 -0.339275815 -0.510976452 -0.095094359 0.729601847
0.358129598 -0.232675091 0.272266076 -0.147817687 -0.415799826 0.275808407 -0.219452213 -0.287536905 0.012243013 0.323562423
0.194670983 0.285813919 -0.254345294 -0.002978028 -0.649361509 -0.567396784 -0.581255391 0.464945262 -0.087875188 0.085761357
-0.414856502 -0.018410974 0.357938674 -0.553121004 -0.184833295 -0.404543042 -0.254959892 0.898730409 -0.907879558 0.435594256
-0.618649533 0.284694282 -0.452574070 0.041055022 -0.193607018 -0.299587701 0.146968513 -0.020972649 -0.281398981 0.670408429
0.038596087
4

-0.577866528 -0.172279072 -0.131787203 0.105618814 0.095138022 0.047022230 0.847304176 -0.039228159 -0.746056771 0.569414336
0.007323540 0.314615945 -0.560743701 -0.503541801 -0.677146526 -0.129258020 -0.439661179 -0.222783135 -0.026875810 -0.755625801
-0.090386237 -0.402303287 0.276648691 0.015454993 0.337908952 0.557149229 -0.437742907 0.182968450 -0.300974044 0.495417949
0.801424794 0.704587046 -0.104734516 -0.439855398 0.687567195 -0.435940774 0.086996621 0.063845216 -0.161746860 0.301136323
0.651855813 0.586845191 0.170699216 0.256234503 0.525763897 -0.219569567 -0.291623678 -0.234551824 -0.144005655 0.157777963
0.766438209 0.586194883 0.258934055 0.699123926 -0.023415026 0.315848035 -0.382060128 -0.313378522 -0.306857882 -0.372777884
0.760222981 0.011412739 0.236582742 0.675434866 0.796893530 -0.212234660 0.216392904 -0.216780877 0.303533116 -0.641038963
0.675792930 -0.590032580 -0.818808731 -0.156082676 -0.162386147 0.272226635 -0.294923794 -0.119020176 0.066264597 0.106679476
-0.167659782 0.122332143 0.096955179 -0.077593223 0.495455842 0.649011206 -0.180533964 -0.275887714 0.184892401 0.241625669
-0.113227778 0.876478866 0.087654963 0.426313205 -0.278311657 0.433097956 0.343818933 -0.028060622 0.347257455 -0.627694581
0.414227586 0.195883455 0.072258316 -0.151463551 0.552450891 0.032323115 0.015818826 -0.218224225 0.197227066 -0.232499196
0.634708471 -0.798229984 -0.102240902 0.363757435 -0.362788711 -0.180287898 0.172948747 -0.017039458 -0.376579369 -0.413896910
-0.262496471 -0.285869216 -0.148332130 -0.226314668 -0.183932946 0.261665538 0.294884744 -0.884085319 -0.367808227 -0.136699321
-0.036818930 -0.249104687 -0.166802320 0.776455870 -0.751962257 0.210455969 -0.390130574 -0.172871877 0.054344196 -0.902147410
0.742493708 0.462477972 0.392687767 -0.426750662 0.499059807 -0.227293807 0.514509893 -0.068805410 -0.391810619 0.514123470
0.721545138 0.681632505 -0.128194153 0.001852713 0.456503831 -0.276367496 0.827998664 -0.172274382 -0.038359104 -0.198708697
0.739181984 -0.105668642 0.657404390 0.934805599 0.170423807 0.136446368 -0.443375404 -0.506004832 0.039865406 0.072278414
0.425969458 -0.207422777 -0.273146671 0.567824774 -0.822812949 0.479863760 -0.063029988 -0.030149349 0.802288418 0.763959620
0.090133504 -0.130360056 0.578235030 -0.478383248 0.431744273 -0.432975680 -0.026991729 -0.345192290 -0.218216471 0.663500258
0.792506513 -0.406683013 -0.663160522 0.272326688 0.021582363 -0.070585468 0.044342089 -0.430271244 0.110426881 0.829510160
-0.679597877 -0.286655434 0.209009213 0.176299603 0.183312507 0.913940053 0.413944941 -0.535538916 0.737448130 -0.029053381
-0.495174184 0.301376728 -0.337796249 0.664301296 -0.453193165 0.041259824 0.081437605 0.414309542 -0.210054799 -0.295783067
0.534946657 0.094606268 0.653181280 0.057796263 0.711628132 -0.130843474 0.581547960 0.259670364 0.703482513 -0.723467219
-0.064367479 -0.325603669 0.200958741 -0.127736547 0.182916167 -0.495139394 -0.017710514 -0.704564307 0.202370067 -0.485616611
0.465554068 -0.596954442 0.446042412 0.802227093 0.423771498 -0.455487971 0.057425042 0.213396337 0.465631280 0.611374561
-0.215927322 -0.045747867 -0.098568994 -0.082535525 -0.073050169 0.259536258 -0.027504404 -0.153960572 0.428209720 -0.087658024
0.130964450 -0.681980432 -0.493808363 -0.102216378 0.193579990 -0.025554561 0.123075443 -0.510976452 0.650270652 -0.307877196
-0.296761413 -0.669345179 -0.622237879 0.444260326 0.007751272 0.275808407 -0.267630817 -0.287536905 -0.095817449 -0.442263922
0.136561886 0.014746927 -0.254345294 -0.773769363 -0.008702909 0.230009028 0.705031027 -0.066067804 -0.087875188 -0.595781520
-0.414856502 -0.018410974 0.357938674 -0.553121004 -0.184833295 0.061602890 -0.254959892 0.898730409 0.258764339 0.658439503
-0.618649533 0.104353181 -0.452574070 0.041055022 -0.489517642 -0.299587701 0.149955904 -0.201920433 -0.826805582 -0.356456793
-0.208419446
3

0.283812274 0.343521590 0.538593585 -0.349948847 0.095138022 -0.131235222 -0.042630485 -0.201975125 -0.746056771 -0.426811825
-0.473702869 0.285171412 -0.560743701 0.265148372 -0.068534469 0.859580744 -0.139674718 0.193942295 -0.026875810 0.254348794
0.016716293 -0.207306591 0.276648691 0.041131503 0.483466609 -0.657593979 -0.264428606 0.182968450 -0.454428910 0.495417949
-0.092802128 0.704587046 -0.054710777 -0.002398330 0.682985839 -0.254488864 -0.363350611 0.452401341 0.408181696 -0.475656833
-0.031412807 0.323390643 -0.390156090 -0.207458944 -0.707210376 0.602607005 0.057869197 -0.036991102 0.734407177 0.337014507
0.076134642 0.620417007 0.290064452 0.113154722 0.839313700 0.315848035 0.195586210 0.167390532 0.032739792 0.123091180
-0.070012121 0.591257804 -0.333861802 0.234797560 0.341565897 -0.817100408 0.216392904 0.344925663 0.303533116 -0.348527981
0.675792930 0.486701209 -0.255847858 -0.587247987 0.643087008 0.272226635 -0.096422350 0.149104907 0.010137525 0.918322062
-0.053411005 0.265625363 -0.386296304 -0.272219271 0.495455842 0.520401420 -0.180533964 -0.151852937 -0.517238243 0.701294387
-0.411524378 0.876478866 0.087654963 0.224152945 0.381761173 -0.000757732 -0.695748830 -0.224824855 -0.567220832 -0.627694581
0.075639275 0.078422758 -0.408717164 0.038724549 -0.028383789 0.032323115 -0.594121357 -0.371886147 -0.264092480 -0.074826881
-0.600477238 0.043460149 0.303950643 0.411641784 -0.196116092 -0.217859942 0.396875724 -0.115491187 0.247172083 -0.080610192
-0.331493662 0.000189652 -0.761915619 0.578821627 -0.183932946 -0.359209708 0.225517761 0.543238209 0.010376576 -0.186953313
0.190693316 0.875017599 -0.179113859 0.170274916 0.384170306 -0.479557638 -0.390130574 -0.172871877 -0.058915490 0.645401911
-0.491152682 -0.002227703 -0.442798171 -0.426750662 0.554306317 -0.410767031 0.397166071 0.403473156 0.133392963 -0.104493942
-0.198311273 0.243936411 0.313890356 0.001852713 -0.084754350 -0.173162178 0.321165636 -0.068529723 -0.038359104 -0.198708697
0.668832520 -0.105668642 0.657404390 0.109277183 -0.239529488 0.374124772 0.279991008 -0.492075013 0.310326568 0.072278414
-0.200655019 0.270554930 0.316085550 -0.442723338 0.550820428 0.262830985 0.445487554 0.036156171 0.802288418 -0.058075276
-0.651817510 -0.369557775 -0.320274321 -0.039748611 0.431744273 -0.432975680 -0.257814863 -0.580593897 -0.422518199 -0.516005385
0.384824125 -0.136490366 0.055940051 0.272326688 0.021582363 0.638460477 -0.365320052 0.111763298 0.294556245 0.829510160
-0.056030030 -0.286655434 -0.801448465 0.176299603 -0.290345792 -0.196189868 -0.632517722 0.518907202 0.246793696 -0.029053381
0.014778265 0.441454264 0.301266902 0.664301296 0.211268613 -0.046518754 0.605567678 0.023776111 -0.327253277 0.306978117
0.680065414 0.161070751 0.301968123 0.323905313 -0.334332706 -0.253018238 0.136890203 0.796991893 -0.982628362 0.158102319
-0.064367479 0.207427087 0.200958741 -0.127736547 0.182916167 0.196989314 0.287894730 0.297799892 -0.919571641 -0.668603433
0.015716969 -0.499270737 0.446042412 0.585177621 0.423771498 0.077943186 -0.073111716 0.204805222 -0.672975582 0.529979956
0.806801889 -0.520250656 -0.870403766 -0.492858355 0.379713463 0.259536258 0.040062172 -0.100433710 0.624672088 0.817582819
0.085934628 -0.439998789 -0.028205939 -0.069128077 0.193579990 -0.152142999 -0.339275815 -0.510976452 -0.095094359 0.321505991
0.358129598 0.823239245 0.272266076 0.003038482 -0.370311855 -0.106829895 -0.219452213 -0.287536905 0.012243013 0.323562423
0.194670983 0.285813919 -0.053744474 -0.342679415 -0.649361509 -0.567396784 -0.581255391 0.464945262 0.448652978 0.085761357
0.677357139 0.395626354 0.049379029 0.127669319 -0.905945595 -0.637948553 -0.319302604 -0.132097132 0.329594290 0.429236556
0.391333812 0.284694282 -0.582178446 -0.094155519 -0.193607018 -0.299587701 0.146968513 -0.153940491 -0.553143730 0.180878098
0.030129244
4

0.283812274 0.267146252 0.225379452 -0.513090233 -0.478038936 0.121503366 -0.042630485 -0.039228159 0.315786192 0.569414336
0.584771622 0.285171412 -0.560743701 0.731143050 0.168709211 0.484090727 0.166714346 -0.557885537 -0.026875810 -0.365408115
0.629145638 -0.207306591 -0.703538506 -0.125713497 -0.419978879 0.323491219 -0.310762398 0.182968450 -0.300974044 0.495417949
-0.092802128 -0.039414530 -0.054710777 -0.002398330 0.682985839 -0.623206964 -0.106539321 -0.028759236 -0.035468122 -0.420039408
0.651855813 0.374579166 -0.698630228 0.256234503 -0.707210376 -0.106053291 0.057869197 -0.556771130 -0.144005655 0.361659522
0.766438209 -0.038451612 0.290064452 -0.726633878 0.381671195 0.315848035 0.195586210 0.167390532 0.032739792 -0.615748297
0.535382126 0.591257804 -0.041029556 0.675434866 0.341565897 -0.817100408 0.216392904 0.344925663 0.303533116 -0.348527981
0.675792930 0.660971020 0.382653700 -0.178069291 0.643087008 0.139188203 0.398232874 -0.905394473 0.066264597 0.108510593
-0.494224885 0.122332143 -0.386296304 0.482619119 0.495455842 0.520401420 -0.872714835 -0.416176701 0.586703837 0.701294387
0.530325135 0.876478866 -0.024783834 -0.879563389 -0.178703840 -0.347389276 -0.695748830 0.320138363 0.080054914 -0.627694581
0.414227586 0.078422758 0.948983409 0.190269419 0.136904348 -0.245882063 0.631430399 -0.218224225 -0.098355792 0.064523812
0.611056386 0.043460149 0.111291935 -0.522702660 -0.362788711 -0.375735587 0.719638570 0.444871922 0.247172083 -0.083473186
-0.262496471 -0.423114159 0.872456084 -0.226314668 0.115399848 -0.359209708 0.395676131 0.543238209 -0.691151374 0.431267382
-0.069095235 -0.249104687 -0.179113859 0.170274916 0.384170306 -0.247559030 -0.390130574 0.391692151 -0.058915490 -0.570501331
0.742493708 -0.002227703 -0.226004881 -0.426750662 -0.322530957 -0.410767031 -0.588383737 0.403138126 0.133392963 -0.104493942
-0.461592089 -0.959114021 0.313890356 -0.567466756 -0.084754350 -0.173162178 0.265011678 0.385915176 0.593430120 -0.198708697
0.662763264 -0.105668642 -0.199538288 -0.039959372 0.192940430 0.374124772 -0.056608969 0.018540547 0.310326568 -0.166345766
-0.200655019 -0.207422777 0.851426830 0.567824774 -0.241789049 0.645274136 0.445487554 -0.224608836 0.802288418 -0.423634633
0.042231617 -0.851201938 -0.320274321 0.454786479 0.431744273 0.189095163 0.228763254 -0.580593897 0.082052244 -0.292574597
-0.135164625 -0.136490366 -0.663160522 0.272326688 0.021582363 0.638460477 0.044342089 0.474110188 0.969422677 0.829510160
0.744336538 -0.286655434 0.209009213 0.180340408 0.298912062 0.913940053 -0.047623907 0.518907202 0.737448130 -0.029053381
0.451048173 0.191449615 -0.337796249 0.264918789 0.255570370 0.041259824 0.081437605 0.430060944 -0.148032896 0.537588934
0.932954515 -0.388606001 0.301968123 -0.270189691 -0.722327980 -0.130843474 0.136890203 0.202767026 -0.982628362 -0.215324092
-0.064367479 0.092224238 0.200958741 0.317783766 0.182916167 -0.495139394 -0.309857706 0.142473651 -0.919571641 -0.556113448
0.358299664 -0.499270737 0.330146781 0.585177621 0.423771498 -0.455487971 0.057425042 0.204805222 0.185797924 -0.212378746
0.806801889 -0.520250656 -0.870403766 -0.330329608 0.379713463 0.259536258 0.040062172 0.164598298 -0.644758404 0.021983435
0.085934628 -0.439998789 -0.197260941 -0.102216378 0.625115123 -0.152142999 -0.191531613 -0.510976452 -0.539683943 -0.307877196
0.717126549 -0.232675091 0.272266076 -0.147817687 -0.415799826 0.584787861 -0.335918034 -0.287536905 0.012243013 -0.442263922
0.194670983 0.285813919 -0.254345294 -0.002978028 -0.649361509 -0.567396784 -0.581255391 -0.240514126 -0.344945419 0.085761357
-0.414856502 -0.018410974 0.357938674 -0.253282050 -0.597590396 -0.784991732 -0.254959892 0.143015252 -0.907879558 0.435594256
-0.618649533 0.284694282 -0.268728508 -0.406109172 -0.193607018 -0.299587701 -0.657121671 -0.298255642 -0.281398981 0.670408429
0.038596087
3

0.283812274 0.343521590 0.538593585 -0.513090233 0.095138022 -0.414212099 -0.042630485 -0.039228159 -0.746056771 -0.426811825
0.584771622 0.314615945 -0.560743701 0.731143050 -0.068534469 0.859580744 -0.139674718 0.193942295 -0.026875810 -0.531685328
0.016716293 -0.207306591 0.276648691 0.041131503 0.483466609 -0.657593979 -0.264428606 0.182968450 -0.454428910 0.295590457
-0.092802128 0.704587046 -0.054710777 -0.002398330 0.682985839 0.678545004 0.199897218 -0.229555897 0.408181696 -0.475656833
0.651855813 0.323390643 -0.698630228 -0.207458944 -0.707210376 0.602607005 -0.487227074 -0.036991102 -0.144005655 0.337014507
0.076134642 0.620417007 0.290064452 0.113154722 0.381671195 0.315848035 0.195586210 0.176927208 0.032739792 0.123091180
0.535382126 0.591257804 -0.333861802 0.234797560 -0.597319625 -0.901345508 0.216392904 0.344925663 0.303533116 -0.348527981
0.675792930 -0.667573768 0.382653700 -0.587247987 0.643087008 0.139188203 -0.178092642 0.149104907 0.010137525 0.106679476
-0.167659782 0.265625363 -0.386296304 0.339408175 0.495455842 0.576062790 -0.180533964 -0.151852937 0.191099997 0.701294387
-0.264561744 0.876478866 0.087654963 -0.428614099 -0.008217967 -0.347389276 -0.695748830 -0.091405101 0.626980376 -0.627694581
0.075639275 0.078422758 0.072258316 0.190269419 -0.028383789 0.032323115 -0.594121357 -0.218224225 -0.098355792 -0.074826881
0.611056386 0.043460149 0.111291935 0.411641784 -0.196116092 -0.375735587 -0.339654402 -0.278254449 0.247172083 -0.080610192
-0.262496471 0.122892676 0.872456084 -0.812316780 0.217699952 0.446693963 0.225517761 -0.124169732 0.010376576 -0.186953313
0.190693316 0.875017599 -0.179113859 0.378661680 0.164977798 -0.479557638 0.331001139 0.391692151 0.845382432 0.645401911
-0.491152682 -0.002227703 -0.442798171 -0.426750662 0.554306317 -0.179897426 0.397166071 0.034033567 0.133392963 -0.104493942
-0.198311273 0.243936411 0.313890356 0.001852713 -0.084754350 -0.173162178 0.121394174 -0.068529723 -0.038359104 -0.198708697
0.668832520 -0.105668642 -0.199538288 0.109277183 -0.239529488 0.374124772 -0.047879853 -0.492075013 0.039865406 0.072278414
-0.200655019 -0.207422777 0.851426830 -0.442723338 0.550820428 0.479863760 0.445487554 0.036156171 -0.662141168 -0.058075276
-0.651817510 -0.369557775 -0.320274321 -0.039748611 0.431744273 -0.432975680 0.228763254 0.557712089 -0.422518199 -0.516005385
0.384824125 -0.136490366 0.055940051 0.272326688 0.021582363 0.638460477 0.044342089 0.111763298 0.294556245 0.829510160
-0.056030030 -0.286655434 -0.801448465 0.185961737 -0.290345792 -0.196189868 -0.632517722 0.518907202 0.103744716 -0.029053381
0.014778265 0.441454264 0.301266902 0.664301296 0.211268613 0.041259824 0.081437605 0.055704627 -0.327253277 0.306978117
0.680065414 0.064144406 0.301968123 0.323905313 -0.722327980 -0.253018238 -0.674335053 0.202767026 -0.982628362 0.158102319
0.129625071 0.207427087 0.688707218 -0.127736547 0.182916167 -0.495139394 0.597681816 0.297799892 -0.919571641 -0.496915767
0.015716969 0.638452575 0.446042412 0.585177621 0.423771498 0.077943186 -0.073111716 0.204805222 -0.672975582 0.802651911
0.806801889 -0.546317133 -0.870403766 -0.492858355 0.379713463 0.009469219 0.297612367 0.247489602 -0.719798538 -0.087658024
0.085934628 -0.439998789 -0.028205939 -0.069128077 0.193579990 -0.152142999 -0.339275815 -0.510976452 -0.095094359 -0.307877196
0.358129598 -0.232675091 0.272266076 -0.147817687 -0.415799826 0.584787861 -0.335918034 -0.287536905 0.012243013 0.323562423
0.194670983 0.285813919 -0.254345294 -0.342679415 -0.649361509 -0.567396784 -0.581255391 0.464945262 -0.087875188 0.085761357
-0.414856502 -0.018410974 0.049379029 -0.553121004 -0.184833295 -0.637948553 -0.190494840 -0.132097132 -0.413325838 0.435594256
0.391333812 0.284694282 -0.268728508 -0.094155519 -0.489517642 -0.089073777 0.146968513 -0.153940491 -0.281398981 0.180878098
-0.208419446
1

0.209698703 0.343521590 0.179103289 0.105618814 0.095138022 0.047022230 0.204209467 -0.039228159 -0.746056771 0.569414336
-0.473702869 0.314615945 -0.560743701 0.265148372 -0.677146526 0.625645000 -0.439661179 -0.222783135 -0.026875810 -0.755625801
-0.009905780 -0.402303287 -0.158326540 0.041131503 0.483466609 0.024463139 -0.264428606 0.182968450 -0.454428910 0.495417949
0.440273618 -0.258713590 -0.429067330 -0.002398330 -0.457706164 -0.254488864 0.086996621 0.063845216 0.408181696 0.415445206
-0.031412807 0.323390643 0.170699216 0.668489219 -0.707210376 -0.189803028 0.057869197 -0.234551824 -0.144005655 0.508877158
0.766438209 0.358400350 0.290064452 0.699123926 -0.555692578 -0.845487958 0.263182818 0.167390532 0.460722717 -0.245925634
-0.070012121 0.591257804 -0.352126323 0.675434866 0.796893530 -0.212234660 0.216392904 -0.216780877 0.303533116 -0.348527981
-0.157297299 0.617568704 -0.255847858 -0.587247987 -0.375062055 0.272226635 -0.096422350 -0.119020176 0.010137525 -0.762805305
-0.167659782 0.122332143 0.096955179 -0.272219271 0.495455842 0.520401420 -0.393602095 -0.151852937 -0.001998516 0.241625669
-0.113227778 -0.763426857 0.087654963 0.189252445 0.381761173 0.433097956 0.343818933 -0.224824855 0.347257455 -0.627694581
0.414227586 -0.080594572 0.072258316 -0.151463551 0.552450891 0.032323115 -0.159974052 -0.093820536 0.197227066 0.282626905
-0.166984250 -0.798229984 -0.102240902 0.411641784 -0.196116092 -0.250660610 0.396875724 -0.115491187 -0.577898035 -0.080610192
-0.331493662 -0.285869216 0.371753071 0.657975048 -0.183932946 0.261665538 0.294884744 0.543238209 0.152992333 -0.186953313
0.569635410 0.412537837 -0.166802320 0.170274916 -0.751962257 0.297021402 -0.052860427 -0.172871877 -0.058915490 -0.902147410
-0.491152682 -0.002227703 -0.442798171 -0.426750662 0.068640826 -0.227293807 0.135723092 -0.068805410 -0.391810619 -0.462309378
0.721545138 0.681632505 0.313890356 0.115870216 0.456503831 -0.173162178 0.666111565 -0.172274382 0.275252963 -0.198708697
0.668832520 -0.105668642 0.657404390 0.575411839 0.170423807 0.374124772 -0.443375404 -0.506004832 0.310326568 0.072278414
0.425969458 -0.207422777 0.316085550 -0.442723338 -0.822812949 0.479863760 0.153234897 -0.030149349 0.802288418 0.157218965
0.090133504 -0.130360056 0.464002390 -0.039748611 0.431744273 -0.432975680 -0.026991729 -0.345192290 -0.218216471 0.663500258
0.792506513 -0.362964933 -0.663160522 0.272326688 0.187621261 -0.070585468 0.044342089 -0.430271244 0.019240809 -0.454408137
-0.056030030 -0.286655434 0.209009213 0.176299603 -0.290345792 0.913940053 -0.632517722 0.518907202 0.246793696 -0.064532632
0.014778265 0.301376728 0.301266902 0.664301296 -0.410600085 0.041259824 0.605567678 0.414309542 -0.327253277 -0.129389348
0.323090435 0.161070751 0.653181280 0.356281623 0.669395616 -0.130843474 0.036267296 0.259670364 -0.263419195 0.158102319
-0.064367479 -0.325603669 0.200958741 0.105002754 0.182916167 -0.495139394 -0.017710514 0.297799892 0.053690282 -0.181010001
0.478676846 -0.596954442 0.446042412 0.802227093 0.630469235 -0.455487971 0.057425042 0.204805222 0.465631280 0.611374561
-0.375806848 -0.045747867 -0.098568994 -0.492858355 -0.073050169 0.259536258 0.040062172 -0.100433710 0.624672088 0.817582819
0.130964450 -0.439998789 -0.493808363 -0.102216378 0.256480454 -0.152142999 0.123075443 -0.510976452 0.001290129 0.321505991
0.358129598 -0.669345179 0.272266076 0.444260326 -0.307279011 -0.106829895 -0.219452213 0.250017502 0.012243013 0.351270461
0.136561886 0.014746927 -0.053744474 -0.773769363 -0.008702909 0.230009028 0.705031027 0.464945262 -0.087875188 0.085761357
0.677357139 0.395626354 0.049379029 0.127669319 -0.905945595 0.061602890 -0.319302604 -0.132097132 0.258764339 0.429236556
0.391333812 0.284694282 -0.452574070 -0.094155519 0.304995565 0.530990699 -0.022521771 -0.201920433 -0.553143730 0.180878098
0.361877519
4

0.283812274 0.343521590 0.538593585 -0.349948847 0.095138022 -0.131235222 -0.042630485 -0.201975125 -0.746056771 -0.426811825
-0.473702869 0.285171412 -0.560743701 0.265148372 -0.068534469 0.859580744 -0.139674718 0.193942295 -0.026875810 0.254348794
0.016716293 -0.207306591 0.276648691 0.041131503 0.483466609 -0.657593979 -0.264428606 0.182968450 -0.454428910 0.495417949
-0.092802128 0.704587046 -0.054710777 -0.002398330 0.682985839 -0.254488864 -0.363350611 0.452401341 0.408181696 -0.475656833
-0.031412807 0.323390643 -0.390156090 -0.207458944 -0.707210376 0.602607005 0.057869197 -0.036991102 0.734407177 0.337014507
0.076134642 0.620417007 0.290064452 0.113154722 0.839313700 0.315848035 0.195586210 0.167390532 0.032739792 0.123091180
-0.070012121 0.591257804 -0.333861802 0.234797560 0.341565897 -0.817100408 0.216392904 0.344925663 0.303533116 -0.348527981
0.675792930 0.486701209 -0.255847858 -0.587247987 0.643087008 0.272226635 -0.096422350 0.149104907 0.010137525 0.918322062
-0.053411005 0.265625363 -0.386296304 -0.272219271 0.495455842 0.520401420 -0.180533964 -0.151852937 -0.517238243 0.701294387
-0.411524378 0.876478866 0.087654963 0.224152945 0.381761173 -0.000757732 -0.695748830 -0.224824855 -0.567220832 -0.627694581
0.075639275 0.078422758 -0.408717164 0.038724549 -0.028383789 0.032323115 -0.594121357 -0.371886147 -0.264092480 -0.074826881
-0.600477238 0.043460149 0.303950643 0.411641784 -0.196116092 -0.217859942 0.396875724 -0.115491187 0.247172083 -0.080610192
-0.331493662 0.000189652 -0.761915619 0.578821627 -0.183932946 -0.359209708 0.225517761 0.543238209 0.010376576 -0.186953313
0.190693316 0.875017599 -0.179113859 0.170274916 0.384170306 -0.479557638 -0.390130574 -0.172871877 -0.058915490 0.645401911
-0.491152682 -0.002227703 -0.442798171 -0.426750662 0.554306317 -0.410767031 0.397166071 0.403473156 0.133392963 -0.104493942
-0.198311273 0.243936411 0.313890356 0.001852713 -0.084754350 -0.173162178 0.321165636 -0.068529723 -0.038359104 -0.198708697
0.668832520 -0.105668642 0.657404390 0.109277183 -0.239529488 0.374124772 0.279991008 -0.492075013 0.310326568 0.072278414
-0.200655019 0.270554930 0.316085550 -0.442723338 0.550820428 0.262830985 0.445487554 0.036156171 0.802288418 -0.058075276
-0.651817510 -0.369557775 -0.320274321 -0.039748611 0.431744273 -0.432975680 -0.257814863 -0.580593897 -0.422518199 -0.516005385
0.384824125 -0.136490366 0.055940051 0.272326688 0.021582363 0.638460477 -0.365320052 0.111763298 0.294556245 0.829510160
-0.056030030 -0.286655434 -0.801448465 0.176299603 -0.290345792 -0.196189868 -0.632517722 0.518907202 0.246793696 -0.029053381
0.014778265 0.441454264 0.301266902 0.664301296 0.211268613 -0.046518754 0.605567678 0.023776111 -0.327253277 0.306978117
0.680065414 0.161070751 0.301968123 0.323905313 -0.334332706 -0.253018238 0.136890203 0.796991893 -0.982628362 0.158102319
-0.064367479 0.207427087 0.200958741 -0.127736547 0.182916167 0.196989314 0.287894730 0.297799892 -0.919571641 -0.668603433
0.015716969 -0.499270737 0.446042412 0.585177621 0.423771498 0.077943186 -0.073111716 0.204805222 -0.672975582 0.529979956
0.806801889 -0.520250656 -0.870403766 -0.492858355 0.379713463 0.259536258 0.040062172 -0.100433710 0.624672088 0.817582819
0.085934628 -0.439998789 -0.028205939 -0.069128077 0.193579990 -0.152142999 -0.339275815 -0.510976452 -0.095094359 0.321505991
0.358129598 0.823239245 0.272266076 0.003038482 -0.370311855 -0.106829895 -0.219452213 -0.287536905 0.012243013 0.323562423
0.194670983 0.285813919 -0.053744474 -0.342679415 -0.649361509 -0.567396784 -0.581255391 0.464945262 0.448652978 0.085761357
0.677357139 0.395626354 0.049379029 0.127669319 -0.905945595 -0.637948553 -0.319302604 -0.132097132 0.329594290 0.429236556
0.391333812 0.284694282 -0.582178446 -0.094155519 -0.193607018 -0.299587701 0.146968513 -0.153940491 -0.553143730 0.180878098
-0.351243662
0

-0.078741061 0.212034374 0.538593585 -0.513090233 0.241663358 0.228751707 -0.042630485 -0.040996919 0.315786192 0.569414336
0.007323540 0.285171412 -0.560743701 0.731143050 0.168709211 0.415003095 -0.139674718 0.193942295 -0.026875810 0.363313462
0.359613206 -0.402303287 0.276648691 0.201508102 -0.419978879 -0.535079318 -0.044013658 0.182968450 -0.300974044 0.495417949
0.434350954 0.704587046 -0.054710777 -0.002398330 0.482515358 -0.254488864 0.199897218 0.452401341 0.408181696 -0.420039408
0.059448783 0.323390643 -0.390156090 0.256234503 -0.707210376 0.317036475 -0.803687861 -0.036991102 0.082832073 0.337014507
0.766438209 -0.038451612 -0.073585608 -0.726633878 0.839313700 0.315848035 0.195586210 0.167390532 0.032739792 -0.550010550
0.535382126 0.591257804 -0.041029556 0.054255754 0.341565897 -0.817100408 0.216392904 0.344925663 0.303533116 -0.348527981
0.675792930 0.486701209 0.539392429 -0.587247987 0.643087008 0.272226635 0.398232874 0.149104907 -0.087523902 0.091608705
0.126680019 0.122332143 -0.030748888 0.209364861 0.495455842 0.520401420 -0.180533964 -0.151852937 -0.517238243 0.701294387
-0.307811247 0.166971800 -0.353613240 -0.428614099 -0.278311657 -0.000757732 -0.695748830 -0.028060622 -0.165374931 -0.627694581
0.414227586 0.078422758 -0.408717164 0.038724549 -0.101880862 -0.670336022 0.302728839 -0.218224225 -0.264092480 -0.074826881
-0.600477238 0.043460149 0.111291935 0.411641784 -0.362788711 -0.415662233 0.098176988 -0.115491187 0.087943226 -0.489365420
-0.262496471 -0.423114159 -0.761915619 -0.226314668 0.115399848 -0.359209708 0.225517761 0.543238209 0.010376576 0.261740072
0.190693316 -0.087558700 -0.225815475 0.170274916 0.013648531 0.164298271 -0.390130574 -0.172871877 -0.058915490 -0.570501331
-0.491152682 -0.002227703 -0.442798171 -0.426750662 0.541100085 -0.410767031 -0.588383737 0.403473156 -0.126182106 -0.104493942
0.721545138 0.243936411 0.313890356 0.001852713 -0.084754350 -0.173162178 0.265011678 0.385915176 -0.038359104 -0.205087884
0.668832520 0.356250743 0.657404390 -0.039959372 0.192940430 0.136446368 -0.443375404 -0.618916809 -0.082502719 0.072278414
-0.200655019 -0.207422777 0.316085550 0.567824774 0.550820428 -0.070423034 0.741750195 0.036156171 0.802288418 0.749490164
0.396945116 0.053577227 -0.178301973 0.454786479 0.431744273 -0.432975680 -0.373839451 -0.580593897 -0.422518199 -0.516005385
0.089177828 -0.136490366 -0.663160522 0.272326688 0.021582363 -0.004269856 0.044342089 0.474110188 0.969422677 0.829510160
-0.108994016 -0.286655434 0.209009213 0.026253405 0.125541338 0.913940053 -0.632517722 0.518907202 0.737448130 0.441113658
-0.495174184 0.191449615 -0.337796249 0.012705837 0.211268613 -0.046518754 -0.466446698 0.430060944 -0.229346880 0.306978117
0.680065414 -0.707387269 0.301968123 0.274943629 0.452554875 -0.130843474 0.136890203 0.202767026 0.703482513 -0.215324092
-0.064367479 0.207427087 0.200958741 -0.088283106 0.182916167 -0.495139394 -0.323877108 -0.134649523 -0.919571641 -0.028324278
0.015360295 0.554383598 0.550075537 0.098955466 0.423771498 -0.455487971 0.057425042 0.204805222 0.757463190 0.387886737
0.806801889 -0.520250656 0.120823072 -0.330329608 0.379713463 0.259536258 0.250777696 -0.449036545 0.347957472 0.021983435
0.085934628 -0.148854559 -0.197260941 -0.102216378 0.625115123 -0.283145443 0.184679997 -0.111996375 -0.095094359 0.729601847
0.789155330 -0.232675091 0.272266076 0.124815908 -0.674992131 0.275808407 -0.345478935 -0.287536905 0.012243013 0.323562423
0.194670983 0.285813919 -0.254345294 -0.002978028 0.074457241 0.040490326 -0.581255391 0.464945262 -0.087875188 0.085761357
-0.414856502 -0.018410974 0.357938674 0.666759867 -0.184833295 -0.215021745 -0.254959892 -0.279370451 -0.432696965 0.435594256
-0.618649533 0.284694282 -0.452574070 0.041055022 -0.361083293 -0.299587701 0.146968513 -0.020972649 -0.281398981 0.670408429
0.038596087
4

0.283812274 0.343521590 -0.059648426 -0.349948847 0.170185076 -0.131235222 -0.042630485 -0.201975125 -0.746056771 -0.426811825
-0.473702869 -0.352290550 0.053076293 0.265148372 -0.120326995 0.859580744 -0.275368500 0.193942295 -0.026875810 0.254348794
0.016716293 -0.207306591 0.276648691 0.041131503 -0.554149182 -0.657593979 -0.264428606 0.182968450 -0.454428910 0.495417949
-0.092802128 0.704587046 -0.054710777 -0.151278083 0.682985839 0.209302111 -0.363350611 0.452401341 0.345491912 -0.475656833
-0.138963111 0.041491326 -0.390156090 0.143323459 -0.707210376 0.602607005 0.057869197 -0.036991102 0.734407177 0.337014507
0.076134642 0.620417007 0.290064452 0.113154722 0.839313700 0.315848035 -0.122996221 0.167390532 0.032739792 0.123091180
0.375894543 0.591257804 -0.333861802 0.200338145 0.341565897 -0.817100408 0.216392904 0.344925663 0.168693492 0.582749123
0.675792930 -0.657129698 -0.173975138 -0.072042872 0.078514320 0.272226635 -0.096422350 0.149104907 0.278418926 0.918322062
-0.053411005 0.265625363 0.336411053 -0.272219271 0.495455842 -0.067350734 -0.180533964 -0.151852937 -0.350608342 0.701294387
0.196521803 0.876478866 -0.396632050 0.224152945 0.381761173 -0.000757732 -0.695748830 -0.224824855 -0.567220832 0.106727500
0.075639275 0.078422758 -0.408717164 0.038724549 0.271616280 0.032323115 -0.594121357 -0.371886147 -0.264092480 -0.074826881
0.393669846 0.043460149 0.303950643 -0.131098020 0.316446176 0.429969522 0.396875724 0.049033853 0.247172083 -0.080610192
-0.331493662 -0.293148052 -0.761915619 -0.075423927 -0.114881836 -0.359209708 0.225517761 -0.040231840 0.276246195 -0.186953313
0.190693316 0.875017599 -0.179113859 0.170274916 -0.096854672 -0.479557638 -0.390130574 0.823059966 -0.203164458 0.645401911
-0.506679385 -0.002227703 -0.442798171 0.330194371 0.554306317 0.112797487 0.397166071 -0.098347766 0.133392963 -0.104493942
-0.198311273 0.243936411 0.313890356 0.001852713 0.369412936 -0.173162178 0.321165636 -0.068529723 -0.038359104 -0.198708697
0.668832520 -0.295661185 0.657404390 0.161694450 -0.239529488 0.374124772 -0.314341185 0.306087696 0.310326568 0.072278414
-0.200655019 0.270554930 0.316085550 0.226418820 0.029293683 0.262830985 0.445487554 0.036156171 0.802288418 -0.058075276
-0.651817510 -0.519195564 -0.320274321 -0.039748611 0.431744273 -0.432975680 -0.257814863 -0.580593897 -0.422518199 -0.516005385
0.897990908 0.496086627 -0.217852732 0.272326688 0.364803361 0.638460477 -0.365320052 0.111763298 0.294556245 0.829510160
-0.056030030 -0.286655434 -0.422198736 0.176299603 -0.290345792 -0.196189868 -0.632517722 0.518907202 0.246793696 -0.029053381
0.014778265 0.441454264 0.301266902 0.664301296 0.211268613 -0.683753788 0.605567678 -0.080774414 -0.327253277 0.241520532
0.680065414 0.440978912 0.301968123 0.323905313 -0.334332706 -0.253018238 0.136890203 -0.492624716 -0.982628362 0.646477220
-0.064367479 -0.223914007 0.200958741 0.072822605 0.182916167 0.196989314 0.287894730 0.297799892 -0.919571641 -0.668603433
0.015716969 -0.499270737 0.446042412 0.585177621 0.497882177 0.077943186 0.080729625 0.345310387 -0.672975582 -0.099870546
-0.225263622 -0.520250656 -0.870403766 -0.492858355 -0.506295043 0.259536258 0.030842618 -0.100433710 -0.483002258 0.817582819
0.085934628 -0.439998789 -0.028205939 -0.148457729 0.193579990 -0.152142999 -0.339275815 -0.510976452 -0.095094359 0.321505991
0.358129598 0.823239245 0.272266076 0.562004706 -0.370311855 -0.106829895 -0.858836263 -0.287536905 0.556567263 0.437670870
0.194670983 0.285813919 -0.053744474 -0.342679415 -0.649361509 -0.567396784 -0.581255391 0.464945262 0.448652978 0.540719972
0.677357139 0.395626354 0.049379029 -0.407651037 -0.905945595 -0.637948553 -0.319302604 -0.132097132 0.329594290 0.429236556
0.536112094 0.284694282 -0.582178446 -0.110572922 -0.193607018 0.383740140 0.024029501 -0.153940491 -0.553143730 0.225157421
0.030129244
4

