5 0
3 3 1 1
3 9 1 1
2 5 2 0
6 6 2 1
3 10 1 0
6 4 2 1
6 8 1 0
5 5 4 0
2 10 3 0
3 10 3 0
6 6 2 1
2 5 6 1
4 5 3 0
2 10 5 0
1 8 3 1
4 3 2 0
1 2 1 0
1 3 5 1
4 2 2 0
0 1 4 1
5 5 4 0
3 8 5 1
0 7 5 1
0 7 7 0
2 2 4 0
4 2 5 3
6 5 6 0
6 5 7 1
0 7 7 0
4 4 6 0
0 4 8 3
0 9 6 2
2 2 6 2
5 8 8 1
0 9 6 0
2 5 9 1
1 2 6 0
1 9 11 1
1 7 7 0
6 1 8 1
3 8 10 0
1 4 9 3
3 1 9 1
6 7 10 1
6 2 11 0
2 6 11 1
5 9 9 1
3 2 8 0
4 5 10 1
0 10 10 0
6 3 11 1
3 9 12 1
3 5 12 1
0 2 10 0
2 4 12 3
4 3 11 1
5 10 12 1
1 8 13 0
4 8 11 2
5 5 13 0
6 10 13 0
6 3 13 1
2 9 13 0
5 2 13 0
3 5 14 0
3 3 14 1
